2.55 6.83
4.21 101.73
;
7.96 9.34
18.40 83.60
;
4.57 0.11
11.30 96.34
;
3.83 3.10
10.79 52.64
;
4.72 4.86
5.69 60.32
;
1.46 9.20
10.64 83.99
;
5.15 9.59
5.15 44.97
;
4.98 1.37
34.01 96.31
;
4.49 10.60
37.34 69.87
;
0.04 5.56
17.16 37.76
;
0.16 10.84
15.41 -46.09
;
3.19 4.09
33.21 -54.83
;
3.67 9.61
34.62 -48.60
;
0.16 0.47
29.34 -75.55
;
3.10 3.97
3.10 -73.87
;
3.79 8.93
17.71 -43.02
;
5.10 2.65
16.47 -89.94
;
4.70 6.62
6.10 -73.70
;
6.87 5.05
19.59 -75.27
;
4.96 9.89
5.69 -31.79
;
8.72 6.08
8.72 -88.11
;
2.51 9.61
7.26 -81.05
;
8.67 2.88
15.35 -31.49
;
7.09 2.19
7.68 -32.14
;
8.33 0.08
22.87 18.70
;
7.18 7.37
15.86 22.41
;
7.31 6.00
16.11 13.65
;
5.08 6.04
23.25 20.75
;
2.09 9.32
11.86 14.74
;
9.84 3.66
25.90 7.96
;
6.28 3.21
31.89 17.41
;
4.12 11.13
32.18 -1.96
;
0.02 4.05
28.96 -9.45
;
9.45 9.53
34.91 -8.29
;
7.26 1.77
17.61 -13.58
;
0.82 3.10
12.25 -8.74
;
9.38 9.39
10.71 9.44
;
1.13 9.35
3.49 9.51
;
8.65 2.39
14.17 3.07
;
5.32 9.33
12.15 9.93
;
7.50 6.63
12.45 7.69
;
0.79 6.88
4.01 7.68
;
4.55 10.28
7.58 9.58
;
3.72 3.35
9.79 2.93
;
5.48 11.35
7.85 11.31
;
