1.38 2.28
2.15 5.37
;
3.69 0.87
5.29 6.85
;
3.32 0.15
3.49 5.18
;
0.67 3.30
0.81 6.07
;
2.69 1.60
3.24 3.82
;
0.31 3.56
1.06 8.31
;
3.95 3.25
4.56 5.54
;
2.60 3.63
4.57 9.33
;
0.70 4.70
0.70 3.10
;
3.85 1.63
4.25 0.03
;
0.09 4.70
0.14 2.17
;
0.21 1.61
1.31 -2.50
;
4.73 0.97
5.53 -2.50
;
3.03 3.64
3.60 1.51
;
2.87 0.08
3.97 -4.02
;
4.76 1.44
4.76 2.81
;
1.20 0.27
1.23 1.08
;
2.76 0.01
2.76 0.63
;
4.63 4.04
4.68 5.31
;
1.65 1.50
1.70 1.99
;
3.99 0.03
4.31 1.39
;
0.25 1.19
0.27 1.60
;
2.46 3.13
2.46 3.80
;
3.58 2.31
3.58 3.02
;
3.76 3.18
3.90 3.87
;
2.76 2.89
2.94 4.20
;
3.78 0.85
3.83 1.85
;
1.14 1.51
1.39 2.59
;
1.50 3.31
1.59 4.90
;
0.05 0.03
0.08 0.83
;
2.44 3.77
2.54 4.17
;
4.09 0.75
4.30 1.59
;
3.67 0.30
4.01 1.58
;
1.47 2.36
1.70 3.67
;
3.03 2.64
3.19 4.19
;
3.41 1.96
3.51 2.86
;
2.02 4.34
2.30 5.75
;
4.27 2.83
4.34 3.74
;
3.67 1.80
3.83 2.52
;
0.97 2.54
1.46 3.59
;
3.88 2.02
4.21 2.94
;
1.09 4.50
1.51 5.50
;
1.78 0.22
1.95 0.67
;
3.80 3.70
4.43 4.94
;
1.29 2.88
1.71 3.56
;
3.73 4.36
4.17 4.85
;
4.38 1.60
5.53 2.50
;
1.66 4.76
2.53 5.33
;
0.73 3.18
1.66 3.96
;
2.40 1.92
2.99 2.14
;
0.09 2.04
1.30 2.41
;
0.76 0.54
2.13 1.07
;
1.18 3.96
2.74 4.18
;
0.66 1.96
1.84 2.17
;
1.78 4.56
3.07 4.28
;
2.99 0.77
4.32 0.75
;
2.81 3.28
3.53 2.89
;
0.37 0.52
1.78 0.09
;
2.30 0.42
2.99 -0.24
;
0.41 1.31
1.50 0.68
;
4.34 0.72
5.26 0.07
;
4.45 4.96
5.08 3.98
;
0.64 2.92
0.96 2.38
;
2.37 4.55
3.00 3.07
;
3.70 3.34
3.88 2.79
;
4.90 4.07
5.52 2.86
;
3.79 3.71
3.92 3.26
;
3.53 3.50
4.20 2.24
;
1.64 3.01
2.06 2.15
;
4.96 1.71
5.43 0.78
;
2.48 4.25
2.55 3.64
;
0.65 2.96
0.87 1.60
;
3.08 2.35
3.24 1.69
;
4.85 0.65
5.01 0.05
;
2.08 4.58
2.32 3.19
;
1.31 0.83
1.45 -0.30
;
2.47 2.31
2.47 1.41
;
3.17 2.49
3.26 1.74
;
2.45 1.91
2.62 1.10
;
3.16 2.33
3.40 1.35
;
2.00 1.94
2.07 1.14
;
2.61 1.82
2.74 0.32
;
4.45 1.08
4.53 -0.48
;
0.66 1.72
0.76 0.78
;
0.15 4.72
0.26 3.79
;
3.53 3.63
3.60 2.21
;
3.21 4.07
3.23 3.60
;
1.03 1.32
1.03 0.37
;
0.09 2.61
0.34 1.31
;
2.69 2.52
2.90 1.67
;
1.77 0.80
1.77 1.02
;
1.74 3.18
1.75 3.31
;
1.26 4.39
1.30 4.63
;
2.43 3.76
2.52 4.12
;
3.14 1.70
3.15 1.78
;
2.04 2.07
2.10 2.46
;
0.74 4.21
0.80 4.57
;
2.38 0.98
2.38 1.02
;
3.94 1.20
4.00 1.34
;
3.29 0.67
3.38 0.85
;
2.44 2.19
2.55 2.44
;
2.71 4.56
2.77 4.80
;
4.61 1.39
4.87 1.67
;
3.19 3.60
3.27 3.72
;
1.05 2.61
1.24 2.77
;
2.44 2.52
2.53 2.60
;
1.50 2.64
1.68 2.79
;
0.79 4.18
1.14 4.34
;
1.69 4.98
1.89 5.06
;
4.52 2.76
4.73 2.86
;
4.83 1.40
5.08 1.53
;
3.54 2.33
3.79 2.36
;
4.14 3.98
4.24 3.99
;
1.20 1.30
1.46 1.32
;
3.02 0.38
3.32 0.42
;
2.78 3.14
3.01 3.17
;
2.63 2.28
3.01 2.31
;
3.32 0.37
3.39 0.39
;
4.29 4.98
4.61 4.94
;
3.18 4.85
3.38 4.83
;
4.72 3.26
4.85 3.24
;
4.07 2.40
4.36 2.37
;
0.23 0.74
0.33 0.72
;
1.70 3.96
1.91 3.95
;
1.68 0.48
1.72 0.47
;
4.87 0.70
5.21 0.69
;
0.29 0.28
0.60 0.26
;
0.84 4.21
0.87 4.21
;
3.21 0.70
3.25 0.69
;
0.75 2.27
1.02 2.15
;
1.50 4.62
1.55 4.60
;
4.59 3.03
4.85 2.96
;
3.19 0.15
3.53 0.05
;
1.42 0.40
1.64 0.32
;
0.40 1.70
0.53 1.61
;
4.90 0.74
5.14 0.52
;
0.26 0.80
0.26 0.80
;
0.38 3.36
0.53 3.21
;
3.08 3.65
3.25 3.54
;
3.04 3.86
3.15 3.68
;
0.65 0.33
0.86 0.08
;
3.79 3.92
4.04 3.61
;
3.28 4.11
3.43 3.93
;
3.30 1.44
3.45 1.22
;
1.53 4.22
1.58 4.02
;
0.56 4.02
0.63 3.89
;
3.74 1.46
3.76 1.40
;
3.10 4.39
3.21 4.06
;
1.18 0.58
1.24 0.46
;
3.23 2.96
3.27 2.74
;
4.51 0.19
4.52 0.05
;
3.68 3.45
3.74 3.14
;
3.67 2.05
3.72 1.68
;
3.20 3.67
3.21 3.53
;
3.75 2.69
3.82 2.33
;
3.45 1.18
3.45 1.02
;
