14
14
7
1
12
9
10
13
10
6
11
6
5
3
7
6
11
7
14
27
30
18
26
175
169
173
171
167
169
178
169
166
10
3
10
9
6
14
9
10
7
14
9
4
8
10
14
1
12
3
14
6
0
0
2
4
2
4
7
7
12
7
19
16
28
18
21
30
16
39
39
37
46
57
52
69
60
70
62
88
76
77
99
97
95
117
110
107
126
132
125
137
141
141
151
161
158
151
151
152
157
151
165
173
177
173
174
170
179
166
171
175
167
177
176
174
165
173
180
180
171
166
176
172
167
172
178
0
9
15
1
8
1
14
12
10
12
20
15
29
18
30
33
41
44
57
60
50
50
64
75
71
72
63
77
81
78
83
87
85
82
83
80
90
101
100
98
100
97
99
92
95
105
91
91
116
109
107
119
105
111
112
120
106
123
123
133
135
130
120
136
141
149
145
149
149
163
152
160
154
156
156
180
174
176
167
178
179
175
173
178
