4.975 4.645
5.020 7.238
;
3.546 1.141
3.584 3.315
;
0.678 0.945
0.678 6.195
;
3.378 2.128
3.586 3.829
;
0.480 3.902
1.171 9.535
;
2.924 4.603
3.492 7.277
;
3.613 0.668
3.844 5.072
;
2.255 1.606
2.774 7.544
;
2.991 3.081
4.339 6.782
;
4.093 4.174
5.891 8.213
;
0.204 2.454
1.191 5.025
;
2.115 2.496
3.377 5.203
;
4.977 3.584
5.471 -0.435
;
1.671 2.608
2.653 -2.447
;
0.897 3.639
1.655 -1.754
;
2.071 3.844
2.071 5.369
;
3.238 1.172
3.624 2.720
;
1.143 4.592
1.250 6.126
;
2.752 1.229
2.862 1.850
;
2.301 1.750
2.391 2.319
;
0.347 1.868
0.380 2.485
;
4.284 3.159
4.869 4.535
;
0.123 1.522
0.387 2.245
;
0.605 3.260
1.247 4.249
;
2.556 0.191
3.224 0.695
;
3.133 4.532
4.247 5.535
;
0.541 4.347
0.990 4.502
;
2.821 1.522
3.378 1.831
;
1.499 4.695
2.255 4.774
;
0.409 1.127
0.845 1.227
;
1.709 0.685
2.859 0.503
;
4.550 4.159
5.835 4.001
;
2.792 1.762
3.227 1.568
;
2.405 4.502
3.272 4.236
;
3.216 1.186
3.628 0.729
;
4.903 2.033
5.965 0.894
;
2.892 0.630
3.206 -0.337
;
0.232 2.897
0.709 1.920
;
3.671 1.581
3.857 0.410
;
1.492 4.559
1.709 3.184
;
1.738 4.284
1.792 3.247
;
3.392 1.600
3.667 0.406
;
3.882 1.031
3.916 0.374
;
1.795 2.347
1.854 1.791
;
3.461 3.395
3.640 2.674
;
2.121 3.331
2.289 3.691
;
0.060 2.937
0.201 3.285
;
3.970 3.090
4.104 3.240
;
4.525 0.212
4.671 0.358
;
4.947 2.160
4.961 2.168
;
3.286 3.424
3.578 3.514
;
1.426 2.799
1.438 2.800
;
4.890 2.075
5.016 2.086
;
4.268 4.049
4.293 4.055
;
1.479 3.026
1.716 3.042
;
3.754 4.463
3.998 4.493
;
1.050 3.358
1.303 3.299
;
0.541 4.712
0.807 4.693
;
0.978 0.889
1.242 0.748
;
4.979 0.215
5.307 0.011
;
1.455 3.379
1.687 3.169
;
4.324 4.826
4.326 4.823
;
4.218 0.408
4.392 0.106
;
3.753 2.308
3.773 2.259
;
2.759 4.894
2.775 4.796
;
4.441 2.957
4.459 2.863
;
