8.574 11.522
9.865 20.711
;
11.760 7.437
13.689 15.793
;
3.212 16.033
4.402 23.546
;
6.412 4.730
7.291 10.980
;
19.786 11.225
20.181 14.036
;
2.514 3.109
2.661 5.917
;
2.973 19.327
3.516 21.881
;
4.026 7.689
4.245 13.963
;
2.486 2.332
3.009 5.633
;
14.560 1.768
15.840 6.900
;
10.395 11.859
11.438 15.752
;
2.089 0.024
2.560 4.505
;
16.172 19.561
16.928 25.720
;
4.157 10.877
5.083 16.129
;
5.221 12.420
5.536 16.025
;
18.333 17.332
18.996 20.208
;
16.146 18.125
16.973 24.010
;
5.199 13.268
5.711 15.486
;
2.056 8.114
2.388 11.907
;
8.394 7.983
8.922 10.701
;
15.585 4.573
16.415 8.165
;
14.050 9.368
14.678 12.091
;
19.800 7.020
20.378 11.130
;
12.611 14.301
13.343 17.468
;
16.601 1.840
17.339 5.636
;
14.448 19.738
14.775 21.421
;
4.465 9.725
4.920 14.927
;
17.150 11.985
17.655 16.101
;
17.562 1.818
17.562 4.436
;
7.752 5.871
8.223 7.912
;
3.639 1.934
4.838 6.741
;
15.382 12.730
15.632 14.511
;
15.199 16.284
15.886 21.879
;
15.332 13.263
15.504 15.222
;
18.382 2.391
19.338 8.424
;
7.642 5.393
7.832 9.004
;
2.452 17.781
3.326 22.276
;
9.975 7.844
10.162 13.213
;
18.717 15.344
19.606 20.957
;
11.283 4.826
11.547 6.706
;
12.842 10.967
13.208 14.448
;
19.829 19.740
21.114 25.302
;
4.085 5.197
4.719 9.197
;
19.296 4.125
20.503 8.969
;
16.210 13.614
17.555 18.637
;
6.820 7.928
7.239 11.909
;
6.596 12.695
6.761 15.848
;
19.566 13.691
19.831 18.763
;
12.460 12.019
13.652 17.184
;
2.135 7.071
3.167 10.922
;
16.383 10.359
17.003 13.276
;
1.154 1.118
1.727 3.415
;
9.035 3.546
10.067 8.018
;
18.669 18.255
18.993 20.891
;
3.818 8.099
4.124 11.009
;
10.640 16.553
11.098 20.284
;
12.699 0.289
13.438 6.304
;
15.336 4.745
16.114 8.405
;
9.088 10.718
9.764 14.987
;
6.859 19.991
6.859 22.012
;
17.926 12.174
18.291 14.049
;
12.681 12.758
12.744 16.397
;
0.836 8.906
1.979 13.857
;
1.743 5.355
2.290 10.563
;
0.477 16.081
1.316 22.052
;
6.196 14.813
7.151 19.727
;
1.720 9.075
2.101 10.729
;
1.881 7.320
2.799 11.296
;
0.859 9.663
1.653 15.306
;
1.412 2.284
1.885 5.268
;
4.342 18.651
4.400 21.972
;
16.657 17.736
17.791 23.570
;
1.255 4.992
2.301 9.185
;
8.072 10.357
8.333 14.093
;
19.444 18.849
19.897 21.180
;
8.919 0.591
9.877 5.521
;
19.190 16.617
19.190 20.643
;
18.614 12.328
19.023 13.970
;
1.751 4.259
1.848 7.019
;
16.191 11.086
16.764 14.336
;
16.628 0.600
16.628 5.031
;
12.126 11.711
13.219 16.093
;
10.291 0.149
10.783 2.124
;
11.342 6.985
12.310 13.094
;
1.848 5.444
2.893 9.637
;
9.271 16.105
10.208 20.927
;
1.059 11.856
1.504 16.938
;
14.675 5.179
15.354 8.670
;
4.021 3.725
5.096 8.038
;
19.678 12.453
19.910 15.106
;
13.275 16.097
14.171 19.692
;
17.381 18.880
17.599 23.023
;
1.595 15.034
2.076 16.962
;
13.925 9.494
14.329 12.367
;
18.335 19.220
18.429 24.647
;
13.253 1.162
13.473 5.363
;
10.756 17.041
10.893 18.998
;
15.297 18.453
15.297 22.503
;
10.416 13.202
10.774 18.317
;
8.774 3.855
9.876 8.276
;
10.494 9.572
10.744 14.349
;
16.124 2.772
17.177 8.185
;
18.661 0.554
19.056 2.792
;
0.907 17.997
1.345 23.000
;
8.241 18.820
8.241 23.847
;
6.891 4.596
7.367 8.476
;
13.418 7.524
13.714 9.934
;
12.393 3.104
12.459 4.978
;
10.075 4.758
11.552 10.270
;
8.254 18.356
9.255 22.694
;
14.147 16.811
14.355 20.789
;
6.083 3.451
6.273 7.078
;
8.351 14.567
8.390 16.768
;
6.210 1.883
6.354 3.534
;
0.972 7.971
1.115 9.611
;
9.315 4.711
9.659 6.881
;
14.338 11.678
14.755 13.642
;
1.721 3.335
2.113 6.123
;
13.908 4.964
14.256 8.947
;
12.391 19.829
12.552 22.126
;
8.794 6.020
9.744 9.564
;
4.334 7.271
4.571 8.956
;
4.988 3.537
6.427 9.306
;
0.118 7.005
0.823 12.748
;
15.517 12.487
15.619 18.318
;
12.760 12.916
13.234 16.285
;
17.064 6.038
17.256 11.551
;
6.930 5.543
7.228 11.218
;
9.708 14.585
10.753 19.964
;
18.272 12.020
19.043 13.533
;
13.529 19.959
14.475 22.422
;
8.481 16.435
11.423 21.968
;
17.772 14.552
18.371 16.197
;
2.357 17.730
3.272 19.785
;
14.628 3.982
16.049 7.330
;
2.813 1.138
3.854 2.941
;
5.487 15.029
7.831 20.294
;
0.097 6.922
1.644 10.565
;
2.444 10.096
3.473 13.086
;
0.345 16.718
1.740 21.921
;
7.610 11.936
9.187 17.822
;
9.823 15.233
10.398 16.729
;
14.056 0.867
16.133 5.532
;
16.833 16.714
19.343 21.859
;
11.121 5.896
12.145 8.869
;
10.456 18.869
11.150 20.428
;
7.900 10.742
9.213 14.556
;
0.806 9.027
3.057 13.643
;
0.672 10.265
2.260 13.015
;
0.579 12.019
3.484 17.051
;
3.205 4.515
3.684 6.083
;
16.342 10.221
18.327 13.658
;
10.567 0.287
11.126 2.237
;
13.730 6.142
14.328 7.880
;
12.842 2.760
14.218 4.963
;
12.629 11.722
14.614 15.159
;
9.178 4.336
11.257 7.095
;
11.686 13.393
14.475 17.231
;
2.525 11.315
4.243 13.034
;
13.108 18.687
14.673 20.252
;
18.015 8.691
22.825 11.814
;
18.073 16.824
19.598 18.104
;
0.016 12.227
2.555 14.283
;
7.771 12.855
11.249 15.572
;
12.519 3.339
16.514 6.136
;
9.955 6.070
14.079 7.654
;
15.297 0.685
21.174 2.370
;
9.482 9.703
12.306 10.460
;
19.803 6.128
24.731 8.748
;
9.977 18.244
13.964 19.464
;
4.095 9.152
6.462 9.359
;
11.961 16.749
14.312 17.379
;
0.450 11.547
6.023 12.132
;
0.138 4.427
4.654 5.142
;
12.257 10.163
17.367 10.790
;
13.337 9.171
16.882 9.171
;
4.374 18.641
6.550 18.412
;
9.616 3.286
14.605 2.407
;
8.820 3.913
11.716 3.245
;
10.800 4.322
16.116 3.192
;
6.831 14.268
11.747 14.182
;
7.525 2.857
11.702 2.344
;
2.676 4.071
7.140 2.621
;
10.427 10.909
12.167 10.098
;
11.937 13.759
13.791 12.815
;
19.066 19.584
22.235 18.039
;
6.497 19.429
10.529 18.348
;
12.585 5.669
18.338 3.227
;
4.825 13.684
8.319 11.747
;
14.987 4.530
16.860 2.656
;
18.276 19.161
21.685 17.031
;
17.300 0.977
21.072 -1.568
;
16.295 4.405
17.760 3.261
;
10.545 12.579
11.854 11.441
;
13.880 12.533
16.406 10.488
;
3.995 6.849
6.210 5.240
;
4.845 14.990
7.548 11.768
;
19.606 12.505
22.557 8.728
;
8.853 10.903
11.289 7.550
;
10.523 5.915
14.198 1.212
;
8.628 8.970
12.033 4.284
;
13.156 15.998
15.674 12.775
;
10.806 14.551
11.934 12.428
;
9.084 3.251
10.234 -0.760
;
3.000 17.192
5.251 12.576
;
2.553 14.185
2.736 10.693
;
6.254 0.584
7.287 -4.275
;
0.419 10.713
0.943 8.755
;
0.443 3.825
0.443 -1.330
;
14.483 19.466
15.037 17.400
;
4.427 2.710
5.173 -0.075
;
1.569 3.243
1.804 -0.120
;
19.262 10.781
19.938 8.071
;
15.729 6.334
15.729 1.543
;
17.664 5.034
17.753 2.493
;
14.288 4.430
14.288 1.376
;
16.527 18.792
17.259 13.583
;
10.766 18.509
11.089 15.437
;
3.531 10.489
3.965 8.446
;
19.644 10.306
20.063 4.309
;
12.294 15.876
12.797 10.128
;
6.048 0.582
6.211 -1.280
;
14.760 15.954
14.760 11.829
;
11.075 11.155
11.425 7.155
;
4.896 0.865
5.130 -2.490
;
2.631 5.969
3.162 3.838
;
10.807 0.522
10.807 -4.635
;
8.656 12.469
9.779 7.967
;
16.353 0.146
17.512 -4.876
;
7.058 2.078
7.759 -0.537
;
18.405 12.874
18.405 8.091
;
5.224 16.031
5.377 14.277
;
5.549 13.550
5.820 9.677
;
14.598 1.186
14.667 -2.769
;
17.168 14.361
17.375 10.426
;
14.323 7.676
15.329 2.945
;
12.714 10.597
14.258 4.836
;
6.329 19.512
7.022 15.944
;
10.457 5.975
11.646 -0.142
;
19.818 7.199
20.222 5.576
;
13.853 14.893
15.165 9.207
;
17.426 9.340
18.171 4.042
;
9.719 18.503
9.843 16.132
;
5.607 19.792
6.417 16.767
;
5.684 19.793
6.288 15.501
;
11.626 3.477
12.035 -2.370
;
7.390 12.142
8.011 9.655
;
3.972 17.750
4.104 15.228
;
3.721 6.598
4.814 0.404
;
3.183 18.664
3.476 17.001
;
18.586 0.524
19.018 -1.209
;
12.321 7.466
13.309 2.818
;
14.829 12.305
15.085 10.484
;
19.225 0.521
20.373 -5.388
;
3.987 17.959
5.015 13.121
;
16.034 15.236
16.193 12.974
;
0.639 15.488
1.395 11.929
;
5.356 14.799
5.874 10.579
;
8.036 0.664
8.602 -2.246
;
7.892 15.851
8.989 11.452
;
5.171 10.443
5.264 8.680
;
15.219 8.626
15.677 3.391
;
0.041 9.336
0.329 7.292
;
12.823 12.851
13.312 8.204
;
5.704 9.892
5.947 5.262
;
18.182 2.030
18.894 -0.824
;
13.213 10.401
13.636 5.568
;
5.606 14.434
6.783 8.895
;
15.384 6.118
15.819 3.024
;
1.330 18.208
1.518 12.825
;
13.678 0.744
14.911 -3.857
;
11.656 12.255
12.234 8.141
;
8.976 1.350
10.379 -4.276
;
0.322 4.996
0.495 2.520
;
7.541 8.525
7.541 2.476
;
8.510 3.218
8.796 -2.245
;
4.047 8.026
4.405 2.895
;
2.657 6.095
2.936 2.114
;
12.982 13.301
12.982 9.341
;
18.496 4.776
18.496 2.761
;
15.184 15.536
15.392 13.157
;
19.865 19.197
19.865 17.322
;
3.974 9.769
4.365 4.172
;
19.647 13.374
21.220 7.503
;
7.413 12.462
7.413 8.173
;
15.029 11.268
15.684 8.187
;
6.205 0.016
6.499 -3.341
;
5.305 4.581
5.969 -0.143
;
7.191 6.385
7.793 1.484
;
19.384 3.554
20.139 0.738
;
5.004 0.034
5.258 -4.823
;
3.826 9.007
4.321 4.301
;
18.173 3.755
18.744 1.466
;
6.301 6.465
6.904 3.362
;
13.138 8.110
13.947 2.353
;
19.259 14.641
20.431 9.567
;
2.556 11.622
2.703 7.417
;
8.905 15.217
9.070 13.330
;
7.993 3.794
9.123 -1.521
;
5.353 5.116
6.661 -1.038
;
18.525 19.363
19.813 14.199
;
11.174 1.790
11.293 -1.610
;
5.019 5.831
5.167 3.713
;
17.864 17.100
18.034 14.678
;
11.844 8.678
12.293 3.548
;
8.266 12.044
9.091 6.177
;
12.420 17.201
12.916 13.676
;
18.074 16.322
18.870 11.809
;
19.462 4.146
20.683 -1.598
;
9.121 13.790
10.303 9.047
;
5.745 1.561
5.796 -1.339
;
3.839 3.491
4.046 1.522
;
6.357 3.713
7.245 -1.892
;
15.682 0.189
16.785 -4.238
;
11.746 8.708
13.218 3.213
;
16.148 6.301
17.180 1.833
;
15.856 14.344
15.967 11.165
;
11.720 0.339
12.038 -4.200
;
0.725 13.133
1.143 7.156
;
2.792 10.910
2.792 7.495
;
2.991 7.653
3.295 5.927
;
5.631 10.670
5.745 11.129
;
13.001 1.158
13.037 1.840
;
13.507 5.542
13.630 6.952
;
9.364 7.612
9.531 8.561
;
5.054 14.220
5.154 14.851
;
14.206 1.452
14.335 2.923
;
16.136 5.575
16.334 6.827
;
0.432 9.095
0.446 9.881
;
1.708 3.351
1.728 4.494
;
7.333 1.365
7.355 1.989
;
13.127 1.851
13.462 3.193
;
13.663 4.759
13.728 5.696
;
19.404 19.662
19.404 20.112
;
18.012 8.849
18.304 10.114
;
16.507 1.485
16.554 2.383
;
0.207 18.434
0.231 19.766
;
12.155 16.209
12.291 17.070
;
2.833 14.503
2.911 14.946
;
4.159 19.467
4.388 20.543
;
14.738 14.554
14.835 15.654
;
10.945 17.253
10.945 17.787
;
4.892 14.704
5.145 15.647
;
17.772 16.551
17.954 17.282
;
6.496 4.623
6.645 5.837
;
17.544 6.231
17.838 7.741
;
0.933 2.012
1.015 2.483
;
6.817 1.465
6.957 2.792
;
17.821 8.297
18.017 9.304
;
9.211 11.281
9.528 12.462
;
12.221 18.070
12.302 18.843
;
15.461 5.764
15.551 6.188
;
13.898 7.021
14.024 7.529
;
0.647 9.040
0.879 10.129
;
15.072 9.812
15.399 11.225
;
10.510 15.554
10.759 16.634
;
2.932 18.250
3.102 18.987
;
2.809 4.502
2.963 5.470
;
7.200 16.944
7.421 18.081
;
14.241 7.878
14.267 8.612
;
18.785 16.630
18.971 17.804
;
4.662 10.534
4.746 11.488
;
7.567 5.550
7.661 5.954
;
14.087 15.259
14.193 16.268
;
11.127 14.946
11.136 15.466
;
14.194 13.810
14.360 14.529
;
3.122 18.224
3.437 19.486
;
9.986 4.812
10.203 5.833
;
15.487 11.218
15.537 12.658
;
8.082 6.238
8.139 7.051
;
1.262 16.961
1.527 18.109
;
2.555 1.467
2.656 2.429
;
8.616 4.497
8.658 5.294
;
13.259 7.428
13.372 8.007
;
2.909 13.954
3.064 15.428
;
3.058 2.368
3.230 3.598
;
10.585 14.174
10.726 14.698
;
18.806 1.273
18.998 2.179
;
17.215 6.305
17.534 7.495
;
19.302 5.823
19.377 6.685
;
13.081 1.186
13.154 2.566
;
16.953 3.935
17.096 4.672
;
0.975 5.233
1.072 6.614
;
0.573 18.070
0.822 19.485
;
16.995 6.331
17.190 7.433
;
4.706 9.160
4.848 9.689
;
17.629 17.110
17.847 18.053
;
3.420 6.388
3.642 7.351
;
18.310 12.160
18.310 13.607
;
11.243 9.846
11.335 10.593
;
16.960 6.032
17.064 7.022
;
11.214 13.088
11.364 13.939
;
5.238 10.966
5.499 12.095
;
9.371 4.641
9.506 5.275
;
7.216 2.345
7.330 3.428
;
2.867 0.322
2.890 1.681
;
12.157 15.727
12.340 16.411
;
10.376 7.636
10.434 8.753
;
12.584 12.793
12.611 14.370
;
15.309 0.604
15.387 1.720
;
17.019 7.648
17.106 8.468
;
9.339 13.223
9.417 14.724
;
5.883 7.960
6.214 9.394
;
5.729 12.381
5.865 13.933
;
6.292 5.936
6.476 6.801
;
1.116 4.711
1.410 5.984
;
0.531 1.573
0.668 3.136
;
17.183 11.700
17.203 12.269
;
13.895 17.357
14.093 18.152
;
4.958 1.544
5.181 2.811
;
4.520 13.695
4.612 14.350
;
6.982 19.556
7.098 20.887
;
19.594 0.313
19.795 1.120
;
9.178 16.132
9.178 16.563
;
14.603 8.909
14.678 9.630
;
7.160 18.080
7.292 19.016
;
17.625 11.347
17.637 12.065
;
13.621 0.763
13.621 1.984
;
1.469 9.714
1.570 10.433
;
7.537 19.707
7.859 20.996
;
12.825 6.317
12.856 6.920
;
7.061 13.360
7.250 14.066
;
2.719 11.989
2.878 13.503
;
16.475 1.178
16.622 2.575
;
15.866 18.196
15.913 19.536
;
14.355 5.216
14.450 6.308
;
1.479 14.572
1.773 15.670
;
10.663 12.055
10.868 13.345
;
15.711 12.831
15.780 13.488
;
8.139 0.541
8.195 1.071
;
4.496 3.443
4.763 4.514
;
5.461 16.961
5.482 18.161
;
17.508 16.976
17.558 17.916
;
16.779 8.464
16.796 9.408
;
0.545 11.639
0.805 12.683
;
12.496 5.572
12.698 6.382
;
9.043 13.230
9.175 14.170
;
6.867 12.879
6.944 14.358
;
0.827 11.620
0.827 12.276
;
13.299 4.387
13.431 5.325
;
17.060 7.464
17.194 8.227
;
4.085 11.235
4.184 11.743
;
12.583 7.060
12.885 8.269
;
14.919 19.631
15.068 20.398
;
2.451 6.951
2.654 7.709
;
5.551 7.737
5.631 8.883
;
3.776 1.821
3.883 3.040
;
14.169 11.651
14.197 12.433
;
17.788 5.842
17.904 6.344
;
9.209 10.180
9.431 11.582
;
1.430 15.829
1.562 16.900
;
3.077 15.267
3.156 15.675
;
17.290 19.257
17.390 19.691
;
17.819 4.857
18.065 5.921
;
10.654 17.902
10.673 18.963
;
1.398 17.483
1.675 18.907
;
8.366 13.947
8.514 14.879
;
3.661 1.363
3.805 2.042
;
11.561 8.359
11.703 9.086
;
12.853 3.402
12.983 3.964
;
14.426 15.682
14.508 16.108
;
19.154 6.585
19.352 7.379
;
3.606 4.348
3.642 5.357
;
3.150 10.853
3.306 12.124
;
6.416 9.113
6.525 10.675
;
19.174 6.728
19.377 8.170
;
8.289 18.165
8.445 19.153
;
17.716 4.115
17.909 5.681
;
9.720 1.803
9.941 3.379
;
2.302 19.354
2.405 20.087
;
18.704 15.149
18.723 16.275
;
16.654 1.503
16.907 2.943
;
9.427 10.006
9.452 10.477
;
12.403 18.018
12.734 19.348
;
8.406 17.455
8.561 18.553
;
11.179 9.530
11.248 10.024
;
6.378 16.398
6.424 16.925
;
15.066 8.492
15.186 9.343
;
7.987 8.562
8.039 9.052
;
18.338 10.124
18.502 10.781
;
0.792 5.088
0.843 6.061
;
18.720 8.322
19.074 9.858
;
0.954 1.371
1.023 2.169
;
19.004 4.709
19.050 5.585
;
0.847 18.254
1.006 19.549
;
13.375 0.577
13.627 1.587
;
7.154 9.024
7.535 10.444
;
11.699 5.025
11.741 5.818
;
5.233 4.607
5.568 5.860
;
4.833 6.529
4.934 7.100
;
9.305 1.533
9.408 2.706
;
8.065 6.406
8.179 7.487
;
17.088 13.481
17.170 13.997
;
8.650 4.534
8.814 6.091
;
9.180 17.291
9.249 17.781
;
16.446 13.590
16.546 15.019
;
14.706 12.872
14.923 14.243
;
2.231 12.109
2.590 13.447
;
12.304 5.287
12.347 5.694
;
12.660 12.392
12.870 13.175
;
14.287 10.797
14.314 11.558
;
9.199 11.496
9.491 12.998
;
12.322 13.144
12.340 14.207
;
5.452 19.658
5.733 20.981
;
1.444 13.372
1.603 14.009
;
16.375 2.382
16.433 2.796
;
9.995 0.367
10.145 1.139
;
1.979 6.166
2.305 7.382
;
3.533 11.176
3.684 12.249
;
11.025 11.118
11.055 11.988
;
2.322 4.727
2.322 5.615
;
14.784 7.292
15.071 8.534
;
3.030 8.719
3.179 9.366
;
1.992 0.977
2.135 1.877
;
13.853 4.593
13.853 5.722
;
11.746 7.811
11.871 8.997
;
11.597 3.898
11.693 4.678
;
18.090 19.687
18.347 20.800
;
1.094 19.627
1.123 20.053
;
10.285 9.692
10.415 10.935
;
16.801 10.589
16.904 11.173
;
10.537 2.654
10.654 3.204
;
19.113 4.029
19.113 5.368
;
16.486 10.328
16.546 11.464
;
15.275 10.768
15.452 11.886
;
14.888 14.994
14.966 15.742
;
1.559 14.975
1.606 16.306
;
10.420 12.842
10.444 14.233
;
15.255 16.784
15.363 17.661
;
2.111 14.771
2.213 15.739
;
3.767 20.000
3.767 21.019
;
14.925 12.527
14.940 13.366
;
9.416 2.085
9.620 3.243
;
17.275 4.765
17.432 6.042
;
4.449 13.206
4.577 13.936
;
0.489 19.385
0.751 20.729
;
15.949 17.878
16.073 19.056
;
3.661 6.009
3.727 7.270
;
2.583 12.879
2.793 13.787
;
0.318 7.687
0.411 8.442
;
10.525 18.537
10.719 19.376
;
17.429 10.226
17.535 11.239
;
13.889 16.284
13.989 16.848
;
16.118 4.917
16.325 6.087
;
7.742 4.135
7.815 4.967
;
0.105 0.264
0.128 0.909
;
7.120 10.050
7.216 10.740
;
0.433 0.824
0.678 2.089
;
13.305 18.066
13.353 18.758
;
2.400 9.861
2.675 11.154
;
3.065 19.008
3.205 20.347
;
3.239 5.581
3.314 6.191
;
13.279 6.972
13.469 7.868
;
17.241 17.334
17.321 18.243
;
15.792 6.546
15.989 7.947
;
9.824 14.000
9.979 14.577
;
4.789 2.671
4.789 4.121
;
5.989 12.832
6.139 13.394
;
8.341 8.421
8.391 9.851
;
14.958 3.245
15.062 4.228
;
4.664 12.012
4.679 12.888
;
13.427 9.012
13.494 9.975
;
13.191 17.879
13.477 19.220
;
16.155 15.044
16.342 16.569
;
9.126 2.305
9.430 3.869
;
2.093 2.591
2.129 3.109
;
8.331 5.390
8.331 5.922
;
17.608 5.109
17.608 5.786
;
7.668 14.188
7.777 15.219
;
14.357 12.627
14.379 13.253
;
8.979 0.949
9.012 1.897
;
13.849 1.920
13.960 2.443
;
5.737 0.215
5.825 1.481
;
0.887 6.909
0.897 7.484
;
2.987 18.424
3.056 19.418
;
16.589 4.519
16.677 5.363
;
6.132 0.325
6.332 1.358
;
13.429 12.658
13.575 14.055
;
10.726 17.260
10.836 18.844
;
13.334 16.165
13.420 16.863
;
2.510 5.407
2.834 6.811
;
8.958 0.292
9.011 1.305
;
18.709 6.476
18.812 7.313
;
12.393 6.127
12.441 7.504
;
13.758 5.692
13.894 6.198
;
9.427 15.175
9.830 16.676
;
18.960 16.111
19.103 17.274
;
3.081 10.345
3.111 11.197
;
13.530 13.276
13.768 14.165
;
2.996 4.861
3.187 6.423
;
1.198 3.861
1.224 4.610
;
10.361 18.071
10.433 19.102
;
2.975 15.530
3.031 16.590
;
15.118 10.950
15.300 11.806
;
13.961 19.567
14.251 20.822
;
14.725 1.145
14.948 2.039
;
1.606 7.792
1.814 8.625
;
1.872 3.598
1.934 4.788
;
14.782 11.913
14.921 12.903
;
6.107 15.930
6.201 16.820
;
9.700 9.381
9.974 10.402
;
2.838 15.881
2.926 16.714
;
8.531 19.075
8.657 19.722
;
18.181 14.713
18.343 15.414
;
5.390 15.913
5.444 17.447
;
17.124 3.762
17.217 4.291
;
16.720 8.446
16.807 9.687
;
4.470 2.161
4.486 2.615
;
19.915 5.900
20.026 6.686
;
3.526 5.804
3.700 6.701
;
0.073 16.210
0.254 17.351
;
4.820 18.743
4.900 19.878
;
4.665 10.326
4.744 11.229
;
2.359 16.273
2.359 17.775
;
7.596 10.740
7.744 11.381
;
3.937 9.174
4.205 10.333
;
5.302 10.612
5.489 11.311
;
2.984 12.415
3.123 13.408
;
10.954 11.250
11.282 12.672
;
13.234 1.578
13.383 2.427
;
2.097 4.380
2.148 5.365
;
17.469 10.936
17.664 11.781
;
14.305 18.643
14.336 19.234
;
0.512 16.637
0.724 17.556
;
7.075 16.556
7.229 18.016
;
11.400 15.679
11.642 17.054
;
7.314 0.661
7.490 2.094
;
5.045 8.940
5.261 9.808
;
10.690 5.495
10.721 6.364
;
9.996 5.569
10.261 6.814
;
1.946 3.738
2.150 4.786
;
12.246 10.260
12.293 11.592
;
14.184 8.807
14.184 10.134
;
11.097 1.638
11.258 3.172
;
7.103 9.349
7.372 10.873
;
15.715 12.881
15.781 13.822
;
16.512 19.593
16.512 20.471
;
2.765 3.098
2.924 4.100
;
10.537 4.738
10.635 5.358
;
5.668 4.138
5.959 5.224
;
16.130 12.243
16.183 13.001
;
8.628 18.358
8.746 19.313
;
9.229 15.684
9.383 16.561
;
6.583 8.423
6.593 9.031
;
14.375 7.307
14.405 7.741
;
13.017 11.687
13.090 12.281
;
11.379 16.847
11.379 18.358
;
18.416 15.223
18.471 15.749
;
6.751 17.410
7.044 18.918
;
18.034 5.384
18.034 6.518
;
1.597 4.083
1.620 4.726
;
10.370 14.935
10.436 15.887
;
2.530 14.610
2.583 15.039
;
15.602 17.437
15.684 18.104
;
0.066 9.757
0.303 10.871
;
13.736 15.158
13.849 16.233
;
19.484 2.076
19.616 2.908
;
18.394 1.059
18.683 2.417
;
10.473 18.736
10.601 19.211
;
15.892 16.431
16.087 17.662
;
12.593 2.308
12.684 2.736
;
16.982 16.430
16.997 17.295
;
7.815 6.758
7.946 8.251
;
2.407 5.060
2.497 5.793
;
5.035 11.053
5.054 12.185
;
8.935 8.708
9.073 10.288
;
1.672 19.459
1.791 20.071
;
9.947 11.717
9.989 12.520
;
3.144 11.037
3.308 12.365
;
16.645 10.958
16.778 11.909
;
12.413 0.719
12.609 2.117
;
14.494 6.188
14.646 6.970
;
9.524 11.962
9.889 13.322
;
4.619 13.638
4.643 14.332
;
0.492 5.365
0.695 6.244
;
10.764 19.149
10.796 20.060
;
0.602 16.650
0.674 17.157
;
7.946 10.412
8.040 11.078
;
12.830 2.429
12.861 3.307
;
17.422 10.946
17.593 11.915
;
8.033 15.453
8.149 16.559
;
18.664 12.118
18.818 13.370
;
18.543 16.442
18.543 17.245
;
3.867 5.760
3.944 6.494
;
16.071 17.834
16.208 19.394
;
1.504 11.400
1.527 12.052
;
10.282 19.959
10.540 20.992
;
13.597 16.383
13.719 17.378
;
9.535 15.294
9.618 16.092
;
19.451 9.856
19.542 10.501
;
11.910 11.059
12.156 12.045
;
19.353 12.951
19.603 13.883
;
13.122 19.173
13.233 20.227
;
13.724 14.544
14.018 15.815
;
6.336 6.870
6.512 8.123
;
10.244 17.273
10.522 18.386
;
0.550 5.472
0.567 6.462
;
5.771 18.043
6.041 19.431
;
4.183 13.625
4.530 14.921
;
7.176 4.190
7.176 4.609
;
9.199 10.841
9.299 11.470
;
8.408 9.721
8.450 10.509
;
11.677 12.006
11.800 12.880
;
8.202 15.413
8.202 16.564
;
8.271 5.090
8.321 6.036
;
9.953 16.871
10.298 18.255
;
1.907 6.661
1.988 7.438
;
9.732 2.854
9.926 3.695
;
5.575 19.472
5.723 20.412
;
19.610 10.637
19.937 11.946
;
3.955 5.103
4.006 5.685
;
15.472 2.365
15.687 2.925
;
0.017 14.687
0.759 16.024
;
8.448 2.167
8.772 2.831
;
2.372 0.277
2.742 1.035
;
5.007 2.431
5.606 3.777
;
2.604 5.604
3.022 6.588
;
5.829 15.055
6.327 16.227
;
3.923 19.884
4.093 20.408
;
1.577 8.213
2.101 9.338
;
11.554 6.991
11.739 7.500
;
19.817 13.516
20.158 14.451
;
8.346 13.289
8.546 13.700
;
11.209 1.084
11.406 1.690
;
18.435 19.574
18.561 19.959
;
1.042 4.160
1.303 4.964
;
17.759 9.879
18.297 11.356
;
3.395 0.356
3.737 1.409
;
7.011 15.080
7.462 16.091
;
5.663 15.655
6.118 17.142
;
1.316 14.182
1.935 15.510
;
18.187 7.977
18.705 9.325
;
9.750 15.367
10.111 16.627
;
5.253 6.652
5.445 7.151
;
12.428 4.545
12.893 5.895
;
8.436 11.830
8.972 13.303
;
10.384 10.536
10.958 11.825
;
16.978 12.467
17.641 13.768
;
12.476 1.523
12.839 2.577
;
10.240 17.593
10.536 18.504
;
12.449 1.310
12.860 2.383
;
14.134 4.826
14.303 5.317
;
0.245 3.219
0.620 4.619
;
14.547 10.493
14.857 11.159
;
14.531 18.303
15.038 19.343
;
0.603 13.321
0.941 14.427
;
3.248 17.579
3.444 17.947
;
8.170 13.450
8.683 14.658
;
17.157 4.652
17.373 5.361
;
11.371 13.976
11.757 15.099
;
6.902 4.778
7.358 5.755
;
9.831 13.167
10.053 13.568
;
10.655 17.149
11.029 18.301
;
15.506 4.678
16.241 6.005
;
4.711 14.288
5.075 15.408
;
6.214 6.213
6.735 7.642
;
16.134 2.561
16.404 3.304
;
14.416 4.791
14.866 5.801
;
11.867 5.320
12.021 5.765
;
18.911 0.161
19.054 0.600
;
11.507 1.460
12.063 2.907
;
18.595 0.270
18.800 0.671
;
7.265 4.847
7.537 5.487
;
0.316 6.438
0.770 7.292
;
14.460 11.422
14.945 12.621
;
15.615 5.917
16.265 7.377
;
3.530 6.208
3.824 6.868
;
7.717 10.200
7.968 11.075
;
16.327 4.452
16.617 5.172
;
5.286 17.753
5.807 19.043
;
7.047 14.132
7.324 14.985
;
12.025 16.627
12.181 17.015
;
19.988 11.669
20.326 12.465
;
18.265 11.196
18.888 12.595
;
17.328 8.261
17.881 9.630
;
14.079 19.412
14.278 19.858
;
11.899 4.809
12.054 5.285
;
12.881 14.472
13.276 15.849
;
8.415 5.860
8.770 6.695
;
12.778 18.941
12.953 19.397
;
16.578 17.096
16.855 17.782
;
19.517 1.016
19.744 1.810
;
13.540 10.073
13.776 10.799
;
16.346 15.995
16.621 16.493
;
19.076 8.908
19.542 9.749
;
3.416 1.064
3.588 1.563
;
10.598 8.443
11.124 9.475
;
3.407 14.926
3.941 16.246
;
8.192 11.233
8.436 11.657
;
9.068 8.667
9.367 9.489
;
13.184 9.266
13.467 10.322
;
18.163 2.558
18.924 3.875
;
16.307 3.638
16.622 4.739
;
8.938 3.958
9.152 4.329
;
6.116 8.809
6.423 9.439
;
19.566 19.580
19.788 20.017
;
3.764 16.048
4.297 17.010
;
15.466 6.899
15.800 7.768
;
3.895 18.731
4.121 19.214
;
10.233 12.855
10.447 13.444
;
3.810 16.779
4.369 17.877
;
5.357 1.095
5.784 2.100
;
16.646 7.406
16.955 7.848
;
18.200 11.864
18.715 12.416
;
18.312 0.874
18.944 1.654
;
3.195 11.845
3.476 12.247
;
12.897 5.437
13.527 6.273
;
12.407 13.423
13.230 14.476
;
4.648 16.813
5.180 17.664
;
10.046 19.949
10.407 20.364
;
8.150 11.653
9.099 12.784
;
4.909 14.346
5.595 15.224
;
8.254 7.640
9.022 8.918
;
9.648 13.707
10.234 14.609
;
13.438 9.242
14.343 10.321
;
16.444 2.170
16.828 2.662
;
2.651 13.073
3.216 14.052
;
17.605 4.089
18.029 4.741
;
2.386 11.941
3.291 12.846
;
2.791 6.260
3.237 6.974
;
5.571 0.710
5.865 1.099
;
6.250 14.547
6.835 15.174
;
1.986 13.801
2.993 14.808
;
2.157 5.651
3.109 6.602
;
1.643 5.635
2.375 6.478
;
19.233 3.503
19.775 4.276
;
11.211 16.523
11.944 17.744
;
9.551 16.462
10.100 17.011
;
7.585 11.622
8.205 12.445
;
14.143 15.606
14.860 16.461
;
9.012 16.273
9.786 17.103
;
11.708 4.892
12.187 5.372
;
5.199 3.721
5.913 4.865
;
3.765 14.294
4.531 15.115
;
0.846 4.692
1.621 5.885
;
0.960 5.887
1.478 6.785
;
6.453 6.307
7.053 7.104
;
4.096 5.835
4.446 6.185
;
6.462 0.662
7.460 1.851
;
7.360 6.044
7.654 6.371
;
0.658 2.215
0.889 2.599
;
8.542 10.318
8.849 10.810
;
7.633 15.386
7.912 15.695
;
12.051 18.946
12.667 19.971
;
18.724 17.409
19.269 17.994
;
12.361 7.385
12.706 7.937
;
0.355 13.888
0.694 14.252
;
17.746 0.338
18.258 0.710
;
15.215 4.581
16.307 5.404
;
5.769 1.818
6.469 2.494
;
7.381 6.311
8.372 6.930
;
11.693 2.319
12.019 2.602
;
11.820 0.971
12.496 1.480
;
15.653 15.285
16.803 16.151
;
19.618 10.683
20.772 11.687
;
10.588 3.001
10.909 3.270
;
14.482 4.749
15.485 5.426
;
5.911 5.931
6.558 6.455
;
0.784 7.192
1.625 7.826
;
0.301 17.198
1.107 17.851
;
7.607 0.225
8.684 0.980
;
18.834 15.734
19.445 16.101
;
6.861 5.779
7.955 6.836
;
19.960 2.596
21.073 3.265
;
13.882 16.451
14.269 16.712
;
1.670 10.039
2.176 10.511
;
1.612 4.952
2.535 5.754
;
13.012 18.183
14.068 19.238
;
4.633 1.987
5.252 2.506
;
0.284 3.133
1.542 3.950
;
15.856 13.593
16.381 13.975
;
13.229 1.512
13.897 1.962
;
5.467 2.389
6.376 2.914
;
7.741 6.826
8.589 7.538
;
6.858 19.404
8.228 20.227
;
2.870 5.822
3.533 6.419
;
10.107 10.908
10.977 11.587
;
1.736 19.954
2.265 20.297
;
14.030 8.453
15.040 9.362
;
14.937 7.262
15.488 7.662
;
18.714 11.544
19.191 11.904
;
18.501 0.216
18.901 0.518
;
17.548 6.769
17.909 7.032
;
8.536 7.504
8.926 7.832
;
2.308 6.516
3.178 7.327
;
10.737 4.158
12.094 4.941
;
0.282 15.127
0.743 15.393
;
9.158 11.502
10.364 12.198
;
19.423 15.840
20.238 16.477
;
13.529 10.574
13.882 10.778
;
10.847 19.070
11.830 19.866
;
2.740 7.548
4.090 8.391
;
14.114 8.407
14.484 8.777
;
16.657 10.358
17.602 11.123
;
6.325 4.205
6.771 4.593
;
18.585 1.118
20.039 1.765
;
7.362 13.848
8.052 14.185
;
12.348 4.486
13.080 4.767
;
5.509 6.830
6.833 7.235
;
15.034 3.471
16.409 3.999
;
10.280 9.800
10.972 10.184
;
4.827 7.820
5.744 8.350
;
8.679 19.737
9.988 20.240
;
14.071 15.863
15.312 16.416
;
18.612 6.074
19.249 6.293
;
11.082 15.321
12.355 15.735
;
17.809 12.654
18.914 12.971
;
1.243 16.167
1.943 16.355
;
9.889 18.131
10.343 18.382
;
1.566 5.491
2.186 5.717
;
0.991 3.549
2.342 4.208
;
1.228 3.342
2.091 3.673
;
16.225 17.110
17.493 17.784
;
5.401 14.426
6.571 14.899
;
15.084 1.324
16.546 1.915
;
8.457 1.405
9.727 1.818
;
6.823 15.195
8.032 15.812
;
6.920 5.865
8.057 6.190
;
3.151 4.416
4.362 5.033
;
14.587 16.953
15.601 17.425
;
13.450 7.840
14.004 7.989
;
14.011 2.898
15.233 3.367
;
1.277 2.618
2.235 3.005
;
11.078 6.608
11.626 6.900
;
3.262 6.407
4.057 6.778
;
16.800 4.847
18.135 5.617
;
7.159 2.979
8.511 3.444
;
17.078 10.244
17.996 10.753
;
9.091 12.923
10.240 13.509
;
2.768 18.276
3.940 18.925
;
6.861 11.090
7.619 11.511
;
11.697 5.896
12.533 6.200
;
0.000 7.370
1.396 8.081
;
9.876 14.363
10.534 14.642
;
0.298 3.098
1.605 3.653
;
5.802 7.339
6.844 7.739
;
1.290 16.329
2.075 16.539
;
10.102 1.064
11.547 1.505
;
8.504 9.068
8.897 9.211
;
13.018 19.061
13.617 19.327
;
2.298 11.815
2.750 12.017
;
15.956 19.652
16.528 19.957
;
16.207 14.573
16.677 14.844
;
13.943 11.614
14.486 11.834
;
12.003 7.948
12.655 8.198
;
1.102 7.082
1.490 7.271
;
0.692 19.896
1.672 20.086
;
11.091 17.856
11.882 17.897
;
15.617 5.397
16.130 5.506
;
11.136 12.789
11.635 12.868
;
11.564 4.577
13.053 4.655
;
0.778 11.962
1.877 12.000
;
0.785 19.515
2.082 19.814
;
16.025 10.945
17.518 10.997
;
10.640 13.434
11.702 13.660
;
8.992 9.607
10.427 9.965
;
18.902 11.370
19.644 11.528
;
16.054 6.660
17.074 6.714
;
9.415 10.575
9.992 10.646
;
18.685 17.654
19.971 17.881
;
17.779 18.398
18.387 18.451
;
10.276 18.815
11.812 19.227
;
14.372 14.441
15.331 14.645
;
10.276 1.343
11.134 1.403
;
3.167 5.831
4.633 5.857
;
9.700 5.847
11.225 6.171
;
17.706 11.085
18.526 11.186
;
5.798 2.685
6.699 2.685
;
5.080 11.171
5.618 11.246
;
16.359 0.319
17.591 0.581
;
7.952 5.678
8.528 5.790
;
14.021 14.650
14.584 14.660
;
0.790 7.498
1.661 7.700
;
0.143 1.340
1.165 1.502
;
2.343 0.569
3.507 0.569
;
19.720 2.286
20.388 2.332
;
14.656 11.136
15.301 11.181
;
11.328 3.472
12.460 3.492
;
0.392 9.180
0.982 9.253
;
9.093 13.068
10.489 13.190
;
4.514 10.111
5.801 10.134
;
9.426 4.969
10.864 5.354
;
14.313 6.605
14.977 6.722
;
9.215 5.035
10.608 5.382
;
5.578 16.956
6.698 17.133
;
12.569 10.445
13.389 10.445
;
6.395 13.909
7.856 13.729
;
18.884 8.577
20.277 8.455
;
19.985 13.768
21.554 13.741
;
18.527 4.346
19.714 4.243
;
11.200 16.901
12.064 16.701
;
19.605 3.737
20.423 3.578
;
17.735 10.720
18.439 10.671
;
18.629 0.218
19.073 0.187
;
4.541 11.631
5.906 11.488
;
12.092 3.920
12.553 3.847
;
7.662 11.584
8.959 11.425
;
4.581 6.642
5.450 6.425
;
9.388 17.166
10.699 16.863
;
1.369 11.013
2.474 10.717
;
13.753 12.671
14.730 12.551
;
2.326 3.362
3.496 3.322
;
11.209 6.302
12.355 6.016
;
6.211 16.605
6.998 16.522
;
3.757 6.114
5.352 6.030
;
11.600 13.197
12.181 13.136
;
15.085 2.575
16.146 2.519
;
2.631 15.030
3.428 14.846
;
2.727 18.344
3.251 18.223
;
8.372 19.844
9.149 19.735
;
15.731 5.051
17.028 4.983
;
14.456 12.047
15.636 11.902
;
13.892 17.609
15.294 17.361
;
3.408 14.322
4.353 14.173
;
3.134 5.180
4.504 4.963
;
3.102 7.718
3.810 7.542
;
19.984 10.313
20.554 10.263
;
13.326 9.918
14.133 9.732
;
5.387 14.377
6.012 14.355
;
5.367 8.745
6.346 8.501
;
19.816 11.389
20.685 11.236
;
18.797 0.091
19.646 -0.089
;
12.218 10.677
13.536 10.468
;
6.416 2.023
6.893 2.007
;
4.485 8.432
5.767 8.275
;
12.937 11.933
14.267 11.675
;
8.986 0.307
10.231 -0.383
;
8.331 0.613
8.799 0.414
;
16.176 10.217
17.404 9.644
;
9.548 3.945
10.465 3.478
;
3.896 12.579
4.528 12.349
;
4.086 12.411
4.448 12.226
;
8.331 13.915
9.693 13.308
;
7.540 2.463
8.868 1.953
;
0.961 5.749
1.334 5.551
;
2.533 17.079
3.255 16.711
;
13.986 11.823
15.090 11.400
;
0.010 3.843
1.301 3.449
;
17.677 15.095
18.121 14.907
;
4.322 3.788
5.395 3.500
;
15.870 16.075
16.871 15.520
;
16.920 18.781
17.858 18.261
;
10.725 12.732
11.204 12.585
;
14.773 6.087
15.659 5.575
;
10.357 9.922
10.767 9.730
;
7.988 16.981
9.390 16.235
;
8.046 10.958
9.310 10.547
;
6.343 7.245
7.496 6.848
;
19.903 18.396
20.837 17.920
;
14.280 5.531
15.127 5.255
;
15.445 14.006
15.966 13.816
;
5.650 19.983
6.195 19.752
;
9.407 18.740
10.558 18.389
;
15.279 18.295
16.577 17.662
;
14.598 7.863
15.224 7.610
;
0.290 14.798
1.669 14.034
;
11.175 3.068
12.416 2.735
;
3.416 2.548
4.008 2.233
;
3.130 6.702
3.746 6.415
;
19.143 8.455
20.433 7.798
;
14.074 9.169
14.599 9.029
;
6.269 10.626
6.726 10.373
;
11.731 7.711
13.055 7.332
;
18.826 0.707
20.254 0.215
;
5.615 14.748
7.106 14.263
;
4.990 4.851
5.490 4.619
;
11.547 11.455
12.751 11.064
;
3.186 4.097
4.368 3.666
;
18.861 14.426
19.943 13.944
;
5.162 1.570
6.214 0.962
;
7.939 14.642
9.062 13.557
;
1.033 16.652
1.662 16.124
;
4.452 2.332
5.311 1.660
;
8.170 9.156
8.959 8.518
;
13.598 14.441
14.503 13.596
;
17.978 11.144
18.726 10.396
;
10.661 14.396
11.756 13.301
;
3.569 19.140
4.704 18.082
;
8.934 19.960
10.067 18.866
;
12.890 0.401
14.080 -0.464
;
16.334 18.839
17.547 18.020
;
19.143 6.966
20.027 6.142
;
10.181 5.987
10.911 5.531
;
7.418 10.479
8.079 10.017
;
1.555 5.717
2.781 4.980
;
11.659 8.701
12.086 8.316
;
16.890 15.433
17.284 15.197
;
0.080 1.848
0.650 1.297
;
17.217 6.119
17.613 5.820
;
7.872 19.026
8.605 18.411
;
5.454 12.416
5.925 12.110
;
9.250 7.793
10.128 7.200
;
2.988 18.909
3.703 18.219
;
5.794 4.337
6.445 3.828
;
2.437 0.942
2.956 0.491
;
0.923 7.072
1.789 6.395
;
14.819 15.600
15.375 15.211
;
13.249 3.730
13.797 3.269
;
2.246 0.285
3.071 -0.313
;
0.536 10.357
0.918 10.127
;
11.789 16.937
12.510 16.432
;
14.997 2.789
15.417 2.383
;
19.653 16.702
20.426 16.238
;
18.773 17.683
19.946 16.862
;
15.580 6.750
16.153 6.177
;
6.069 10.395
6.892 9.654
;
2.474 12.164
3.381 11.640
;
12.881 6.310
13.804 5.507
;
18.880 17.657
20.069 16.943
;
3.233 0.725
3.931 0.051
;
2.872 11.768
3.327 11.461
;
10.039 13.487
10.711 13.034
;
19.536 9.772
20.204 9.192
;
14.308 12.127
14.968 11.698
;
6.147 17.917
7.362 17.215
;
3.043 15.629
3.547 15.249
;
8.246 6.045
8.948 5.496
;
6.211 3.285
6.733 2.416
;
2.563 2.080
2.874 1.758
;
9.700 14.143
10.021 13.786
;
3.013 16.975
4.007 15.945
;
8.428 18.410
8.980 17.796
;
14.872 11.318
15.889 10.188
;
13.120 12.445
13.779 11.538
;
18.025 9.354
18.714 8.206
;
19.237 13.924
19.940 12.919
;
16.128 16.134
16.704 15.175
;
3.609 3.676
3.915 3.370
;
0.275 12.746
1.005 11.481
;
14.279 9.568
14.537 9.170
;
7.547 8.816
7.987 8.376
;
12.340 8.389
12.901 7.828
;
15.201 2.668
16.129 1.672
;
10.112 0.037
11.041 -1.071
;
5.099 16.712
6.173 15.560
;
19.873 7.593
20.262 6.995
;
0.943 8.957
1.327 8.409
;
7.803 0.450
8.735 -0.743
;
19.474 12.979
19.799 12.605
;
17.220 18.428
18.122 17.232
;
19.995 14.770
20.243 14.417
;
17.539 6.371
18.302 5.239
;
10.594 7.541
11.301 6.783
;
10.122 0.778
10.581 0.169
;
13.324 12.962
13.696 12.577
;
11.611 4.601
12.523 3.552
;
1.869 16.669
2.927 15.573
;
13.543 4.836
14.300 3.754
;
5.842 19.375
6.811 18.220
;
16.312 3.536
16.936 2.612
;
17.912 10.150
18.712 9.161
;
4.520 1.122
4.962 0.680
;
8.616 1.366
9.476 0.411
;
5.896 11.981
6.691 11.034
;
9.092 1.667
9.574 0.897
;
1.103 13.553
1.629 12.856
;
1.197 9.075
1.991 7.853
;
15.482 5.842
15.833 5.302
;
2.199 12.088
3.180 10.832
;
14.193 1.809
14.413 1.472
;
16.026 0.661
16.547 -0.695
;
9.238 7.300
9.576 6.665
;
1.286 11.834
1.474 11.390
;
0.392 11.761
0.854 10.963
;
6.000 3.217
6.374 2.335
;
19.816 5.968
20.566 4.557
;
15.495 18.365
15.721 17.524
;
11.504 18.972
11.716 18.391
;
3.346 7.763
3.990 6.315
;
14.740 8.041
15.005 7.054
;
11.377 11.668
11.950 10.676
;
16.782 18.908
17.170 17.640
;
4.789 9.124
5.313 8.095
;
17.898 19.666
18.432 18.409
;
15.877 16.660
16.425 15.628
;
12.999 16.487
13.192 16.034
;
8.926 10.227
9.330 9.175
;
12.995 16.972
13.269 16.077
;
6.030 9.448
6.342 8.777
;
16.203 16.985
16.668 15.941
;
4.055 8.714
4.645 7.251
;
9.708 11.334
10.383 9.950
;
5.125 6.782
5.404 5.740
;
6.402 18.591
6.915 17.103
;
16.489 8.030
16.842 7.273
;
18.469 1.804
18.739 1.337
;
8.682 7.911
9.038 6.669
;
14.720 13.570
14.863 13.196
;
8.918 13.599
9.406 12.449
;
12.866 3.144
13.351 2.269
;
3.468 3.973
3.673 3.465
;
14.104 2.601
14.463 1.898
;
15.358 10.067
15.923 8.797
;
17.277 0.284
17.780 -0.900
;
11.920 19.367
12.568 17.912
;
6.414 6.870
6.925 5.666
;
12.703 6.569
12.932 5.819
;
11.487 18.274
11.922 17.251
;
9.188 17.359
9.502 16.791
;
5.247 15.582
5.417 15.023
;
15.990 6.733
16.593 5.688
;
16.674 18.802
16.938 17.989
;
6.395 4.954
6.680 4.368
;
5.026 3.956
5.326 3.130
;
16.564 11.606
17.071 10.652
;
9.982 0.581
10.295 0.040
;
19.057 18.958
19.601 17.541
;
7.433 5.538
7.740 4.535
;
18.013 16.894
18.434 15.991
;
11.103 12.517
11.492 11.065
;
8.636 19.775
9.011 18.374
;
17.872 10.904
18.250 10.129
;
5.811 5.416
6.091 4.867
;
0.026 18.677
0.369 17.621
;
0.085 13.473
0.733 12.016
;
4.612 11.822
4.812 11.325
;
9.473 18.334
9.856 17.338
;
13.465 0.986
13.715 0.051
;
12.897 0.977
13.246 0.157
;
5.505 9.964
5.863 8.714
;
17.515 1.613
18.161 0.289
;
11.310 15.466
11.594 14.799
;
0.821 8.319
1.553 6.999
;
19.483 5.317
20.061 4.183
;
1.536 7.325
1.834 6.286
;
13.536 7.066
13.811 6.217
;
10.685 11.922
10.911 11.079
;
11.018 2.031
11.194 1.418
;
3.661 14.696
3.874 14.327
;
1.137 1.215
1.565 0.375
;
7.436 0.993
7.640 0.488
;
12.818 6.648
13.373 5.402
;
19.040 4.907
19.605 3.889
;
2.278 3.860
2.486 3.133
;
2.721 9.729
3.100 8.410
;
6.954 18.900
7.320 17.992
;
14.951 11.484
15.240 10.983
;
14.179 0.156
14.454 -0.435
;
13.420 13.299
13.859 12.024
;
19.403 4.805
19.813 3.544
;
3.228 10.579
3.618 9.814
;
7.545 0.532
7.818 -0.181
;
13.033 18.747
13.336 18.125
;
12.510 13.624
13.111 12.540
;
2.524 2.075
3.307 0.719
;
18.233 4.004
18.658 2.896
;
14.242 7.450
14.742 6.584
;
12.166 14.074
12.538 13.374
;
17.926 13.481
18.423 12.505
;
2.993 7.031
3.229 6.207
;
15.926 1.429
16.277 0.710
;
6.902 19.208
7.310 17.952
;
14.980 8.965
15.169 8.415
;
7.765 9.945
8.413 8.776
;
8.158 18.146
8.760 17.059
;
1.438 11.344
1.734 10.530
;
4.926 17.076
5.304 15.978
;
6.128 14.674
6.487 13.335
;
12.058 14.936
12.445 13.493
;
15.403 0.041
15.715 -0.695
;
19.241 10.526
19.731 9.104
;
11.664 14.370
12.065 13.582
;
7.739 16.946
8.103 15.996
;
6.102 1.327
6.230 0.933
;
11.490 8.173
12.086 6.951
;
6.200 12.644
6.509 12.108
;
2.858 11.915
3.165 11.384
;
9.216 12.634
9.652 11.112
;
15.535 14.265
15.837 13.698
;
17.384 7.966
17.641 7.503
;
1.542 17.489
1.742 16.835
;
17.844 7.715
18.205 7.037
;
1.346 8.058
1.938 6.944
;
16.210 5.988
16.658 4.932
;
3.897 9.000
4.044 8.244
;
8.162 0.790
8.202 -0.342
;
19.147 5.102
19.157 4.554
;
13.559 2.210
13.734 0.962
;
17.626 13.630
17.672 12.739
;
16.821 18.767
16.821 17.374
;
1.934 2.141
2.047 1.720
;
4.851 0.512
4.896 -0.339
;
16.254 19.208
16.570 18.031
;
14.197 6.890
14.224 5.354
;
0.420 7.590
0.621 6.784
;
6.086 9.736
6.393 8.503
;
8.812 13.636
8.900 12.621
;
3.006 5.263
3.028 4.010
;
14.901 15.467
15.025 14.288
;
5.478 3.522
5.719 2.558
;
12.580 1.916
12.640 1.347
;
0.955 2.721
1.279 1.512
;
11.696 10.177
11.833 9.629
;
12.946 14.190
13.168 13.147
;
9.609 19.925
9.898 18.849
;
17.828 3.664
17.894 3.199
;
3.373 14.651
3.484 13.955
;
3.385 17.147
3.544 16.330
;
14.343 14.334
14.621 13.216
;
11.847 5.627
11.869 4.381
;
13.791 18.281
13.791 17.400
;
11.402 0.021
11.804 -1.482
;
10.766 6.525
10.844 5.025
;
13.074 11.199
13.130 10.556
;
9.375 10.795
9.443 9.822
;
5.779 0.968
5.902 0.272
;
6.069 6.737
6.069 6.247
;
8.154 13.816
8.193 13.368
;
15.096 1.412
15.178 0.827
;
17.642 7.055
17.749 6.628
;
8.528 4.644
8.681 4.032
;
19.510 13.555
19.630 12.702
;
13.542 2.916
13.589 2.469
;
11.622 1.259
11.892 -0.012
;
12.195 11.746
12.264 10.436
;
4.100 19.045
4.344 17.792
;
16.555 0.665
16.653 -0.269
;
3.420 18.860
3.493 18.342
;
10.856 15.024
11.016 14.329
;
16.395 2.534
16.514 2.090
;
11.372 11.657
11.462 10.925
;
13.839 11.897
14.065 10.470
;
5.952 18.691
5.965 17.986
;
4.280 14.694
4.564 13.556
;
4.754 1.023
4.840 0.477
;
8.191 10.420
8.278 9.801
;
3.420 1.608
3.420 0.401
;
3.227 8.983
3.227 7.922
;
2.847 13.008
3.064 12.199
;
10.066 1.220
10.087 0.039
;
0.852 16.113
0.934 15.644
;
13.745 1.863
13.952 0.390
;
12.205 12.815
12.227 11.599
;
18.357 0.151
18.584 -0.832
;
9.385 6.788
9.539 5.691
;
0.265 0.901
0.291 -0.607
;
2.000 17.813
2.016 16.911
;
2.415 16.010
2.528 14.940
;
18.456 5.193
18.539 3.623
;
19.212 0.140
19.253 -0.634
;
9.943 14.651
10.125 13.357
;
16.399 17.650
16.399 17.207
;
14.660 8.214
14.685 7.493
;
19.449 17.446
19.594 16.268
;
17.679 13.864
17.781 12.898
;
17.115 8.211
17.391 6.791
;
6.231 17.685
6.385 16.708
;
8.466 11.471
8.490 10.087
;
0.860 13.630
1.079 12.503
;
16.950 8.169
17.097 6.775
;
18.735 0.266
18.896 -0.647
;
8.065 9.047
8.065 7.976
;
8.924 10.219
9.210 8.875
;
12.511 0.415
12.656 -0.620
;
11.700 18.400
11.892 17.030
;
5.615 3.924
5.677 2.733
;
2.554 12.413
2.764 11.423
;
0.625 7.644
0.758 6.127
;
15.410 7.666
15.516 7.165
;
14.023 17.585
14.131 16.556
;
5.157 2.123
5.181 1.424
;
16.195 4.913
16.288 4.388
;
18.610 4.213
18.785 3.389
;
13.614 18.319
13.720 17.568
;
16.956 4.488
17.025 3.830
;
11.150 4.598
11.222 3.560
;
6.113 17.545
6.440 16.008
;
14.697 13.985
14.714 13.008
;
16.967 5.254
17.109 4.587
;
8.456 13.329
8.558 12.361
;
13.839 13.905
14.103 12.409
;
19.415 3.744
19.472 2.941
;
2.317 4.781
2.356 4.221
;
7.955 4.007
8.133 2.883
;
12.196 11.265
12.333 10.487
;
2.150 14.521
2.511 13.174
;
2.543 7.471
2.667 6.585
;
8.112 8.597
8.252 7.602
;
0.294 3.753
0.360 3.339
;
12.797 0.154
13.124 -1.383
;
17.697 18.505
17.797 18.033
;
7.039 14.781
7.219 13.313
;
19.280 13.941
19.390 12.686
;
15.204 4.315
15.563 2.972
;
11.467 2.598
11.750 1.461
;
8.077 15.355
8.170 14.874
;
9.683 6.725
9.823 6.006
;
11.177 10.830
11.453 9.802
;
11.477 1.482
11.496 0.413
;
16.156 15.264
16.493 14.005
;
16.079 4.775
16.183 3.928
;
0.104 9.819
0.154 8.863
;
6.085 11.887
6.170 11.450
;
17.533 8.929
17.559 7.447
;
7.429 6.105
7.745 4.928
;
5.129 4.295
5.140 3.690
;
16.239 6.692
16.404 6.076
;
1.442 1.628
1.552 0.062
;
2.309 6.282
2.665 4.854
;
2.970 7.370
3.052 6.430
;
9.484 19.358
9.645 17.825
;
12.157 7.722
12.214 6.901
;
9.589 12.768
9.602 12.008
;
5.287 5.732
5.309 5.310
;
11.064 3.344
11.229 2.498
;
7.050 7.332
7.148 5.925
;
17.190 2.041
17.285 1.501
;
3.857 5.647
3.946 4.370
;
7.229 10.026
7.258 9.203
;
5.840 9.670
6.134 8.155
;
2.282 16.267
2.282 15.697
;
10.485 4.719
10.499 3.911
;
12.928 1.433
12.960 0.515
;
15.975 15.221
16.130 14.551
;
8.871 11.479
9.046 10.231
;
4.363 15.163
4.577 13.811
;
5.252 19.433
5.384 18.686
;
5.787 2.822
5.823 1.795
;
9.894 13.639
10.029 12.537
;
9.735 5.341
9.920 4.022
;
11.213 9.870
11.429 8.335
;
15.084 7.028
15.104 6.461
;
0.335 12.466
0.397 11.288
;
13.241 0.574
13.392 -0.863
;
18.973 5.818
18.973 4.412
;
17.965 13.010
18.003 12.574
;
12.911 6.298
13.014 5.325
;
7.252 3.822
7.353 2.998
;
11.343 15.617
11.458 14.796
;
10.511 19.660
10.756 18.112
;
2.505 2.195
2.705 0.930
;
4.140 7.033
4.312 6.287
;
14.888 1.465
14.939 0.009
;
1.757 15.600
1.911 14.507
;
3.208 10.073
3.260 9.652
;
9.398 2.753
9.580 1.814
;
15.705 8.481
15.979 7.073
;
0.190 16.598
0.245 15.971
;
0.358 1.989
0.397 0.887
;
18.906 12.611
19.053 11.565
;
2.611 16.944
2.700 15.928
;
8.964 15.733
9.136 14.755
;
6.079 15.872
6.188 14.835
;
2.928 3.619
3.136 2.714
;
1.470 1.052
1.529 0.207
;
17.817 5.893
17.884 4.603
;
11.602 0.061
11.752 -1.373
;
17.024 18.631
17.071 17.291
;
0.863 12.517
0.901 11.419
;
3.277 7.973
3.396 7.004
;
0.430 16.844
0.456 15.326
;
12.090 3.647
12.262 2.667
;
10.334 8.027
10.535 6.885
;
2.589 4.264
2.699 3.570
;
8.221 5.694
8.595 4.193
;
9.851 0.088
9.979 -0.425
;
16.265 19.577
16.338 18.531
;
16.024 15.635
16.075 15.221
;
5.892 18.835
6.000 17.812
;
19.401 15.283
19.401 14.250
;
8.762 11.045
8.825 10.318
;
11.075 7.097
11.098 5.784
;
16.732 15.200
16.794 14.758
;
19.370 7.018
19.558 5.957
;
15.537 9.755
15.574 9.335
;
4.407 5.023
4.653 4.106
;
9.995 11.501
10.318 10.297
;
19.871 7.068
19.920 6.596
;
9.074 2.965
9.109 2.289
;
10.386 4.872
10.717 3.545
;
3.334 11.193
3.374 10.421
;
10.676 10.591
10.765 9.740
;
3.491 5.144
3.508 4.192
;
12.436 0.949
12.485 0.250
;
1.888 3.754
1.933 3.243
;
19.138 10.211
19.359 9.386
;
9.303 18.424
9.435 17.484
;
2.854 0.669
2.960 -0.006
;
13.379 3.052
13.535 1.781
;
14.684 7.341
14.739 6.292
;
14.050 18.190
14.063 17.449
;
19.221 6.844
19.221 5.903
;
7.498 0.490
7.768 -0.515
;
1.360 8.077
1.426 7.320
;
12.276 14.128
12.370 12.780
;
12.362 0.599
12.556 -0.398
;
12.159 11.220
12.352 9.650
;
2.282 15.536
2.545 14.478
;
19.461 1.600
19.502 0.442
;
0.278 19.766
0.433 18.286
;
15.610 13.290
15.610 12.560
;
15.548 12.142
15.890 10.867
;
7.176 5.309
7.176 4.245
;
2.704 4.848
2.858 3.383
;
0.192 7.553
0.345 6.941
;
4.279 5.590
4.288 5.094
;
6.260 1.742
6.385 1.238
;
13.130 1.333
13.374 -0.047
;
13.947 19.188
14.040 18.529
;
0.378 15.945
0.561 14.453
;
2.366 3.537
2.466 2.905
;
19.295 8.307
19.407 7.889
;
6.390 1.505
6.390 0.216
;
9.441 14.733
9.491 14.016
;
2.547 4.189
2.559 3.484
;
0.761 3.497
1.024 2.357
;
19.490 2.498
19.490 1.991
;
17.187 0.753
17.294 0.289
;
17.860 19.229
18.008 18.028
;
10.201 3.163
10.244 2.758
;
19.096 2.731
19.096 1.632
;
15.828 8.606
16.120 7.231
;
18.496 10.245
18.742 8.849
;
0.802 6.569
0.877 5.710
;
14.794 6.283
14.896 5.308
;
4.219 19.638
4.273 18.615
;
12.606 15.519
12.753 14.762
;
13.552 0.362
13.720 -1.010
;
17.003 13.615
17.003 12.460
;
4.140 8.199
4.279 6.612
;
3.265 7.753
3.360 7.077
;
2.120 13.767
2.174 12.226
;
15.804 6.546
15.883 5.797
;
19.626 2.407
19.719 1.876
;
10.689 6.545
10.789 5.113
;
17.431 14.964
17.450 13.861
;
14.397 3.426
14.611 2.077
;
7.281 19.038
7.427 17.846
;
13.871 18.187
14.064 17.193
;
9.144 11.602
9.230 10.785
;
10.605 9.411
10.615 8.860
;
9.098 2.832
9.184 1.615
;
3.624 11.242
3.649 10.783
;
13.509 13.191
13.733 11.920
;
8.022 15.616
8.122 14.797
;
2.503 1.994
2.611 1.310
;
6.403 14.439
6.523 13.758
;
8.944 3.330
9.095 1.895
;
6.410 3.969
6.410 2.606
;
14.718 15.712
14.814 15.167
;
2.452 18.606
2.592 17.465
;
6.792 0.590
6.792 -0.491
;
2.631 12.850
2.762 12.237
;
0.440 4.761
0.520 3.854
;
11.318 16.811
11.570 15.800
;
2.250 8.060
2.349 6.634
;
10.358 11.757
10.609 10.575
;
16.678 0.048
16.707 -0.768
;
4.325 2.157
4.447 1.582
;
12.164 8.985
12.403 7.477
;
6.095 3.884
6.308 2.540
;
17.955 9.491
18.066 8.792
;
14.115 19.725
14.237 18.340
;
11.597 12.847
11.777 11.560
;
10.378 6.822
10.446 5.853
;
7.605 18.032
7.703 16.622
;
12.900 14.648
12.953 14.043
;
8.287 7.098
8.299 6.425
;
5.737 2.867
5.872 1.580
;
15.315 16.246
15.459 15.222
;
0.536 8.257
0.536 7.465
;
15.734 10.880
15.734 9.600
;
19.237 8.677
19.252 7.843
;
15.610 9.031
15.943 7.787
;
7.130 12.492
7.342 11.702
;
6.571 2.677
6.646 2.203
;
6.271 15.189
6.292 13.988
;
13.602 11.442
13.715 10.362
;
12.377 19.103
12.527 17.675
;
9.422 18.686
9.704 17.358
;
13.963 11.132
14.038 10.048
;
4.579 1.840
4.579 0.728
;
11.725 4.132
11.800 3.663
;
4.374 16.265
4.555 15.334
;
11.424 12.075
11.579 11.101
;
0.047 2.574
0.179 1.899
;
0.811 14.302
0.927 13.801
;
3.330 7.721
3.508 6.809
;
17.711 3.440
17.938 2.457
;
8.948 8.355
9.220 6.811
;
10.357 12.945
10.437 12.378
;
7.617 18.207
7.717 17.497
;
5.164 0.976
5.266 0.568
;
13.510 7.623
13.555 6.754
;
13.865 2.130
14.098 1.034
;
8.750 5.618
9.000 4.201
;
12.217 13.362
12.279 12.479
;
3.190 14.879
3.256 14.121
;
1.795 10.698
1.818 10.820
;
0.752 2.370
0.799 2.752
;
19.211 18.727
19.211 18.745
;
11.186 5.499
11.198 5.729
;
16.881 15.215
16.911 15.388
;
13.269 9.316
13.283 9.511
;
15.198 13.738
15.230 13.878
;
11.029 11.058
11.082 11.304
;
4.743 17.009
4.764 17.086
;
8.604 12.091
8.667 12.450
;
14.517 8.409
14.597 8.757
;
13.861 5.446
13.869 5.604
;
19.666 10.702
19.721 10.959
;
9.950 9.689
10.025 10.076
;
8.642 3.822
8.674 4.132
;
2.659 19.602
2.674 19.770
;
12.865 10.868
12.876 10.938
;
8.823 17.466
8.863 17.750
;
8.473 14.239
8.491 14.332
;
0.878 13.299
0.882 13.368
;
5.242 9.615
5.267 9.794
;
14.601 14.700
14.601 15.059
;
5.076 6.395
5.077 6.441
;
18.834 16.228
18.839 16.370
;
4.689 5.958
4.717 6.082
;
15.084 4.299
15.087 4.311
;
14.964 17.078
14.983 17.148
;
14.601 15.949
14.617 16.260
;
3.890 15.396
3.904 15.794
;
11.566 7.264
11.608 7.481
;
1.656 15.457
1.661 15.525
;
8.515 7.124
8.540 7.359
;
19.489 9.736
19.501 9.792
;
18.176 16.537
18.214 16.714
;
18.417 7.598
18.433 7.690
;
11.372 13.151
11.422 13.437
;
15.954 13.537
15.991 13.843
;
16.822 8.232
16.846 8.337
;
17.859 15.876
17.879 16.019
;
13.649 9.485
13.649 9.603
;
12.391 13.796
12.421 14.146
;
6.505 10.437
6.537 10.575
;
13.142 3.434
13.158 3.724
;
7.336 11.500
7.357 11.587
;
16.632 17.732
16.634 17.755
;
8.606 17.827
8.638 18.028
;
8.049 4.794
8.049 5.083
;
15.625 5.355
15.666 5.519
;
14.972 3.642
15.024 3.939
;
3.122 10.070
3.147 10.251
;
5.409 7.397
5.415 7.427
;
18.975 6.822
19.007 7.129
;
14.589 8.839
14.641 9.085
;
6.689 7.891
6.690 7.914
;
1.535 11.077
1.551 11.212
;
2.985 16.861
3.001 17.013
;
10.924 10.995
10.930 11.168
;
11.429 1.795
11.488 2.100
;
10.596 3.909
10.675 4.228
;
13.260 16.623
13.264 16.646
;
19.251 3.660
19.261 3.859
;
15.135 3.405
15.152 3.472
;
18.655 12.118
18.732 12.429
;
0.060 6.096
0.063 6.258
;
12.416 15.511
12.445 15.846
;
6.543 1.372
6.545 1.376
;
16.524 6.398
16.605 6.779
;
4.267 4.256
4.298 4.504
;
7.174 5.890
7.205 6.014
;
0.232 2.245
0.256 2.518
;
13.725 18.303
13.781 18.622
;
10.505 16.725
10.516 16.767
;
7.639 16.697
7.641 16.735
;
6.266 9.616
6.288 9.866
;
11.445 5.253
11.489 5.481
;
5.430 12.862
5.470 13.149
;
6.630 6.714
6.657 6.928
;
17.442 15.455
17.465 15.643
;
2.224 2.808
2.254 2.977
;
18.681 15.490
18.736 15.885
;
9.161 3.726
9.185 4.000
;
3.138 7.893
3.140 7.908
;
0.975 19.581
0.992 19.821
;
4.824 3.203
4.840 3.260
;
12.474 14.576
12.508 14.734
;
5.791 10.230
5.837 10.520
;
4.904 8.690
4.945 8.868
;
9.369 19.816
9.369 19.898
;
9.697 5.574
9.705 5.652
;
3.025 6.803
3.025 6.889
;
17.125 3.436
17.125 3.466
;
1.790 16.866
1.814 17.143
;
14.726 6.780
14.731 6.803
;
16.208 2.886
16.248 3.113
;
0.824 6.817
0.858 7.096
;
2.071 15.764
2.110 16.086
;
9.804 7.038
9.843 7.261
;
12.230 4.364
12.232 4.455
;
8.069 14.268
8.105 14.455
;
5.545 7.783
5.632 8.107
;
1.648 17.916
1.735 18.294
;
7.216 12.371
7.283 12.714
;
9.638 16.393
9.669 16.682
;
15.383 14.305
15.383 14.516
;
17.877 18.719
17.933 18.941
;
17.423 12.857
17.439 12.959
;
13.103 7.918
13.139 8.145
;
6.484 5.210
6.541 5.569
;
9.102 7.768
9.139 8.120
;
18.455 17.015
18.487 17.372
;
1.036 15.702
1.096 15.926
;
9.113 15.998
9.190 16.362
;
7.090 11.641
7.144 12.025
;
5.825 10.198
5.839 10.268
;
9.639 17.752
9.639 17.933
;
14.172 4.041
14.202 4.389
;
1.655 4.035
1.660 4.071
;
12.338 10.761
12.379 10.914
;
3.896 13.428
3.942 13.756
;
14.551 1.090
14.554 1.270
;
7.469 4.635
7.469 4.873
;
0.997 18.138
1.056 18.418
;
7.402 14.006
7.413 14.056
;
14.118 10.289
14.146 10.424
;
0.827 2.556
0.827 2.895
;
6.608 14.307
6.658 14.494
;
17.771 5.127
17.776 5.148
;
6.277 4.899
6.291 5.169
;
7.017 13.580
7.017 13.687
;
19.602 5.991
19.621 6.093
;
19.323 10.923
19.324 10.938
;
2.944 2.728
2.996 2.922
;
8.523 13.872
8.526 14.058
;
11.183 19.400
11.184 19.419
;
14.236 16.974
14.236 16.992
;
16.580 6.018
16.580 6.121
;
9.759 0.339
9.770 0.650
;
0.929 0.127
0.970 0.222
;
2.046 15.154
2.112 15.325
;
10.359 13.501
10.417 13.702
;
7.928 8.830
8.053 9.154
;
0.493 8.309
0.560 8.528
;
13.362 8.754
13.473 9.043
;
4.405 4.944
4.545 5.244
;
1.934 2.307
1.995 2.486
;
2.785 5.404
2.962 5.723
;
9.509 15.323
9.648 15.686
;
15.755 6.648
15.851 6.926
;
6.853 10.004
6.968 10.381
;
15.505 15.436
15.625 15.804
;
16.489 11.451
16.589 11.727
;
11.773 6.079
11.832 6.204
;
11.787 8.721
11.875 9.029
;
19.320 0.278
19.341 0.349
;
14.705 8.268
14.828 8.571
;
1.326 0.016
1.460 0.258
;
6.547 15.776
6.589 15.857
;
4.991 17.180
5.041 17.343
;
8.971 16.125
9.072 16.375
;
8.638 3.551
8.674 3.652
;
3.147 12.433
3.227 12.729
;
14.477 8.276
14.594 8.538
;
8.718 0.709
8.820 1.086
;
11.156 18.526
11.181 18.604
;
3.703 0.896
3.818 1.130
;
4.511 17.710
4.537 17.782
;
18.918 11.155
18.990 11.389
;
3.230 8.005
3.231 8.006
;
0.585 15.923
0.660 16.051
;
9.629 6.187
9.723 6.378
;
1.539 7.476
1.580 7.576
;
10.995 15.545
11.061 15.709
;
16.136 19.710
16.155 19.775
;
16.032 16.412
16.152 16.620
;
7.113 17.207
7.282 17.554
;
1.989 19.014
2.020 19.110
;
0.573 9.903
0.663 10.080
;
17.279 11.499
17.414 11.789
;
19.324 7.383
19.390 7.585
;
16.161 6.177
16.269 6.432
;
9.619 15.254
9.693 15.445
;
15.690 2.213
15.742 2.316
;
2.017 11.851
2.184 12.141
;
1.486 11.396
1.551 11.596
;
19.096 13.161
19.140 13.295
;
3.602 18.780
3.733 19.102
;
5.805 14.475
5.926 14.713
;
8.719 14.277
8.766 14.406
;
7.338 11.447
7.442 11.691
;
4.185 14.588
4.337 14.864
;
4.691 15.880
4.758 16.113
;
18.150 17.987
18.273 18.208
;
7.076 1.803
7.135 1.914
;
18.727 13.949
18.808 14.230
;
13.101 18.816
13.145 18.919
;
18.660 19.018
18.752 19.317
;
7.677 5.033
7.722 5.202
;
1.199 0.226
1.220 0.262
;
16.795 13.643
16.872 13.912
;
6.505 15.422
6.531 15.477
;
13.748 15.482
13.765 15.523
;
5.983 11.025
6.028 11.166
;
6.464 18.236
6.520 18.411
;
13.916 4.516
13.920 4.528
;
9.498 13.397
9.524 13.466
;
13.340 6.219
13.401 6.349
;
11.919 0.813
12.026 0.979
;
6.186 9.856
6.248 9.923
;
6.005 4.372
6.063 4.441
;
6.739 5.661
6.821 5.765
;
0.607 11.364
0.687 11.478
;
13.491 14.477
13.627 14.633
;
13.490 13.530
13.613 13.720
;
10.931 1.283
11.134 1.534
;
3.648 13.182
3.849 13.398
;
13.806 1.276
14.060 1.539
;
5.948 14.475
5.984 14.534
;
9.597 4.483
9.602 4.489
;
11.049 3.280
11.277 3.571
;
17.343 16.929
17.366 16.965
;
18.703 9.492
18.709 9.501
;
15.771 6.251
15.783 6.265
;
7.685 8.310
7.863 8.594
;
8.306 4.307
8.497 4.527
;
10.318 10.931
10.324 10.940
;
18.137 0.379
18.380 0.691
;
15.220 16.000
15.248 16.030
;
1.556 1.469
1.627 1.546
;
4.866 3.812
4.956 3.935
;
11.856 2.393
11.944 2.494
;
11.117 11.993
11.301 12.220
;
1.621 19.917
1.798 20.224
;
17.669 8.718
17.940 8.999
;
5.889 8.073
6.023 8.305
;
8.364 18.095
8.428 18.165
;
19.247 14.269
19.376 14.402
;
19.029 1.290
19.104 1.385
;
9.570 16.662
9.686 16.849
;
11.127 4.942
11.182 5.027
;
1.691 7.710
1.702 7.729
;
15.906 1.635
15.991 1.752
;
9.540 13.911
9.590 13.995
;
16.689 16.078
16.834 16.310
;
3.699 10.171
3.777 10.257
;
1.008 6.867
1.099 7.025
;
2.291 0.784
2.494 0.967
;
7.909 0.324
8.016 0.392
;
10.447 6.350
10.652 6.504
;
13.283 18.573
13.284 18.574
;
5.395 19.399
5.561 19.511
;
19.497 9.990
19.693 10.185
;
15.076 5.231
15.357 5.434
;
11.206 2.246
11.437 2.432
;
3.360 18.091
3.574 18.235
;
4.352 10.787
4.618 10.960
;
16.323 14.918
16.553 15.068
;
18.604 3.251
18.729 3.349
;
10.257 14.476
10.302 14.515
;
19.900 2.410
19.934 2.434
;
19.764 4.085
20.021 4.333
;
17.640 19.739
17.731 19.798
;
11.782 7.808
11.882 7.868
;
19.874 19.896
20.097 20.070
;
16.305 6.155
16.395 6.233
;
6.227 3.017
6.482 3.240
;
11.154 14.620
11.393 14.775
;
5.884 10.406
6.013 10.511
;
9.189 5.255
9.367 5.427
;
19.992 14.824
20.105 14.909
;
15.365 17.327
15.398 17.358
;
15.054 7.546
15.165 7.657
;
17.022 2.515
17.088 2.581
;
19.231 14.966
19.483 15.123
;
12.290 7.673
12.409 7.792
;
16.446 16.246
16.572 16.325
;
15.936 17.332
16.130 17.452
;
9.824 12.888
9.999 13.030
;
1.030 0.179
1.047 0.193
;
4.797 1.868
5.073 2.054
;
0.147 6.812
0.415 6.985
;
8.500 9.029
8.717 9.176
;
7.487 9.815
7.577 9.885
;
9.275 15.853
9.507 16.035
;
3.928 13.555
3.999 13.619
;
19.932 19.101
20.068 19.182
;
10.917 19.859
10.952 19.894
;
1.048 12.009
1.315 12.164
;
0.228 2.170
0.385 2.312
;
14.970 15.265
15.194 15.474
;
14.453 11.218
14.775 11.444
;
0.756 2.943
0.969 3.087
;
15.542 2.743
15.750 2.905
;
4.755 8.688
4.787 8.710
;
1.458 10.439
1.654 10.551
;
8.022 18.503
8.138 18.584
;
12.138 7.708
12.263 7.787
;
2.979 13.277
3.112 13.374
;
1.384 3.030
1.542 3.129
;
0.298 17.524
0.385 17.597
;
7.884 17.992
7.958 18.050
;
17.328 16.045
17.396 16.113
;
9.853 15.862
9.961 15.938
;
16.317 1.441
16.574 1.642
;
6.446 15.464
6.452 15.468
;
8.261 9.794
8.314 9.843
;
12.963 3.509
12.997 3.543
;
14.131 13.075
14.322 13.224
;
2.974 9.047
3.218 9.171
;
9.083 6.276
9.212 6.333
;
16.024 11.756
16.079 11.783
;
5.667 8.893
5.867 8.962
;
5.255 3.027
5.375 3.066
;
6.626 6.183
6.927 6.350
;
3.142 17.419
3.405 17.564
;
16.705 4.517
17.034 4.630
;
14.797 14.236
14.828 14.247
;
14.989 16.249
15.238 16.360
;
14.162 5.699
14.223 5.718
;
10.029 15.649
10.191 15.735
;
6.798 15.571
6.819 15.579
;
9.424 16.348
9.719 16.474
;
13.691 0.000
13.766 0.042
;
7.111 19.328
7.279 19.410
;
2.932 12.893
2.939 12.897
;
16.565 6.873
16.608 6.895
;
9.771 5.685
9.841 5.715
;
17.781 7.739
17.813 7.748
;
18.865 8.972
19.059 9.051
;
6.350 2.847
6.445 2.885
;
8.211 9.995
8.478 10.143
;
2.740 18.286
2.781 18.300
;
12.111 18.980
12.468 19.139
;
13.216 4.158
13.242 4.168
;
16.851 14.189
17.152 14.276
;
12.786 10.943
13.053 11.029
;
1.817 17.491
2.036 17.549
;
7.731 1.066
7.910 1.124
;
11.590 14.404
11.603 14.410
;
0.515 13.018
0.543 13.033
;
16.589 14.347
16.902 14.520
;
7.036 1.416
7.335 1.538
;
13.868 16.182
14.201 16.352
;
11.915 11.735
11.936 11.747
;
15.084 0.956
15.383 1.089
;
14.815 17.256
14.844 17.267
;
9.137 16.015
9.387 16.126
;
12.027 11.352
12.162 11.396
;
12.279 2.296
12.562 2.459
;
18.025 13.888
18.066 13.899
;
6.996 0.665
7.002 0.668
;
15.229 7.048
15.577 7.210
;
11.669 18.940
11.736 18.963
;
13.760 5.336
13.924 5.423
;
13.259 14.368
13.396 14.405
;
19.954 7.190
19.998 7.214
;
9.181 9.475
9.479 9.554
;
12.099 9.359
12.445 9.543
;
15.098 18.452
15.119 18.463
;
11.538 17.159
11.623 17.188
;
13.629 11.687
13.700 11.708
;
1.905 3.063
1.966 3.091
;
12.470 15.331
12.651 15.383
;
16.117 0.496
16.371 0.609
;
6.703 13.786
6.759 13.805
;
6.696 18.008
6.926 18.105
;
8.122 1.252
8.165 1.267
;
18.595 15.292
18.879 15.373
;
1.811 12.965
2.139 13.053
;
9.348 0.590
9.547 0.683
;
12.485 3.044
12.633 3.103
;
11.305 1.758
11.565 1.853
;
18.930 17.568
19.159 17.661
;
13.671 11.985
13.823 12.037
;
3.361 19.192
3.527 19.259
;
6.452 16.332
6.628 16.418
;
6.873 5.719
6.994 5.756
;
7.764 16.473
7.824 16.503
;
7.372 5.689
7.449 5.710
;
2.617 14.123
2.877 14.218
;
16.453 1.540
16.650 1.575
;
2.514 9.924
2.838 9.981
;
14.028 18.748
14.403 18.787
;
15.466 0.396
15.530 0.398
;
18.965 5.576
19.336 5.602
;
16.309 18.843
16.615 18.886
;
5.594 13.990
5.834 14.046
;
11.809 10.702
12.045 10.731
;
12.404 8.240
12.733 8.269
;
12.497 7.625
12.521 7.626
;
8.774 9.421
9.124 9.439
;
2.991 11.820
3.022 11.824
;
16.776 12.557
16.920 12.570
;
5.803 11.815
5.907 11.831
;
14.070 1.164
14.289 1.176
;
10.054 6.432
10.192 6.439
;
16.908 17.938
17.208 18.019
;
6.567 3.655
6.820 3.699
;
16.245 9.234
16.503 9.261
;
4.322 7.948
4.515 7.975
;
18.227 16.775
18.596 16.834
;
19.044 15.538
19.119 15.546
;
7.036 9.006
7.103 9.011
;
11.150 3.447
11.531 3.453
;
14.608 1.646
14.831 1.689
;
7.352 15.196
7.493 15.205
;
15.782 5.772
15.843 5.772
;
16.322 5.755
16.582 5.759
;
13.851 9.532
14.048 9.552
;
17.419 3.213
17.683 3.255
;
10.407 19.206
10.744 19.278
;
17.550 15.892
17.567 15.895
;
10.099 15.019
10.364 15.028
;
11.178 10.898
11.474 10.945
;
9.659 6.805
9.892 6.813
;
4.639 7.722
4.809 7.728
;
0.935 4.846
1.172 4.901
;
18.771 2.703
18.786 2.707
;
12.242 13.679
12.454 13.736
;
5.411 18.780
5.643 18.833
;
18.147 8.450
18.174 8.455
;
0.413 10.371
0.562 10.394
;
17.805 6.575
18.034 6.624
;
12.177 9.935
12.534 9.935
;
16.104 16.090
16.269 16.110
;
2.213 7.226
2.524 7.242
;
15.558 10.992
15.648 10.992
;
8.060 3.608
8.394 3.691
;
11.637 9.478
11.824 9.518
;
3.997 14.318
4.098 14.326
;
14.813 18.136
14.956 18.172
;
16.170 10.926
16.383 10.983
;
11.228 1.629
11.562 1.652
;
0.241 7.183
0.596 7.245
;
17.141 18.935
17.312 18.981
;
6.109 7.713
6.129 7.714
;
11.913 18.220
12.103 18.257
;
12.222 19.687
12.496 19.715
;
14.967 0.008
15.267 0.039
;
10.402 12.034
10.646 12.034
;
7.991 7.957
8.016 7.960
;
9.943 15.132
10.263 15.188
;
16.760 13.012
16.865 13.028
;
18.963 18.160
19.335 18.186
;
4.843 12.801
5.224 12.868
;
2.893 1.554
3.183 1.616
;
3.798 3.159
4.031 3.209
;
12.240 15.811
12.555 15.873
;
9.353 0.395
9.524 0.441
;
6.082 7.294
6.202 7.315
;
0.505 3.504
0.559 3.504
;
19.307 3.159
19.467 3.176
;
2.885 8.040
3.210 8.063
;
3.868 16.490
4.223 16.585
;
3.120 5.450
3.283 5.458
;
18.240 15.121
18.523 15.121
;
5.109 13.130
5.276 13.145
;
19.109 18.515
19.421 18.558
;
0.587 15.463
0.736 15.473
;
3.800 7.341
3.852 7.342
;
1.002 8.888
1.054 8.898
;
15.759 0.471
16.058 0.513
;
2.414 15.799
2.518 15.827
;
3.434 11.934
3.608 11.959
;
15.362 1.517
15.602 1.555
;
5.124 9.143
5.341 9.154
;
5.057 18.740
5.344 18.776
;
13.290 8.522
13.544 8.581
;
1.191 19.280
1.311 19.301
;
17.607 15.676
17.984 15.722
;
17.244 7.279
17.440 7.297
;
6.594 4.479
6.605 4.482
;
1.632 7.078
1.942 7.078
;
3.362 2.068
3.563 2.068
;
18.275 1.892
18.570 1.928
;
4.501 12.471
4.544 12.479
;
6.265 2.965
6.517 3.028
;
6.560 16.787
6.614 16.796
;
14.709 19.396
14.710 19.396
;
6.659 5.037
6.998 5.073
;
9.882 0.458
10.045 0.467
;
6.674 16.916
6.798 16.920
;
11.488 17.323
11.549 17.327
;
19.147 6.887
19.199 6.891
;
14.034 3.920
14.121 3.927
;
15.301 10.047
15.627 10.122
;
15.646 18.499
15.710 18.501
;
6.449 12.070
6.502 12.080
;
19.454 18.145
19.498 18.146
;
18.368 2.912
18.695 2.923
;
0.805 19.187
0.898 19.205
;
13.438 6.538
13.611 6.559
;
5.773 0.763
6.114 0.848
;
13.521 15.641
13.816 15.661
;
7.740 13.157
7.900 13.200
;
8.059 2.448
8.089 2.456
;
1.410 6.697
1.667 6.697
;
15.859 15.475
16.082 15.518
;
10.022 17.109
10.145 17.133
;
2.066 5.630
2.279 5.671
;
0.818 15.697
0.944 15.723
;
14.111 3.929
14.209 3.953
;
5.679 11.630
5.748 11.647
;
10.953 11.200
11.210 11.269
;
6.928 8.620
7.214 8.651
;
2.044 15.960
2.053 15.961
;
7.911 3.073
8.049 3.093
;
0.683 16.597
0.987 16.587
;
17.066 17.428
17.114 17.423
;
19.048 4.287
19.305 4.232
;
9.229 0.010
9.583 -0.039
;
1.645 13.186
1.657 13.184
;
17.385 7.138
17.459 7.127
;
18.284 6.548
18.439 6.521
;
3.952 11.546
4.294 11.473
;
16.819 1.812
16.839 1.807
;
6.227 17.995
6.271 17.991
;
9.738 13.687
9.792 13.678
;
10.500 16.135
10.596 16.123
;
13.830 11.147
14.011 11.112
;
9.223 4.191
9.350 4.167
;
15.381 12.534
15.507 12.503
;
17.864 6.873
18.246 6.866
;
2.090 4.459
2.188 4.433
;
8.013 15.870
8.234 15.823
;
0.568 6.047
0.787 6.001
;
19.460 11.168
19.774 11.106
;
7.831 16.642
8.042 16.631
;
18.984 15.490
19.219 15.457
;
6.633 14.853
6.729 14.851
;
16.927 15.313
17.269 15.283
;
2.690 19.615
2.776 19.591
;
17.867 0.294
18.201 0.241
;
10.044 19.231
10.057 19.228
;
1.317 15.276
1.554 15.251
;
10.071 10.702
10.134 10.688
;
13.380 1.304
13.557 1.257
;
10.391 11.073
10.592 11.041
;
12.529 5.352
12.833 5.321
;
5.365 10.785
5.420 10.778
;
3.814 5.700
4.166 5.694
;
5.704 0.141
5.988 0.126
;
4.220 14.098
4.415 14.095
;
12.364 18.115
12.638 18.076
;
3.574 3.059
3.957 3.032
;
14.151 8.195
14.216 8.181
;
2.393 2.903
2.657 2.866
;
18.489 18.917
18.849 18.847
;
9.217 3.452
9.241 3.449
;
17.847 14.725
17.951 14.720
;
16.230 8.802
16.370 8.767
;
17.568 6.150
17.798 6.146
;
7.984 10.154
8.257 10.126
;
13.231 10.158
13.349 10.135
;
2.021 11.640
2.308 11.635
;
17.995 1.038
18.344 1.020
;
4.767 2.151
4.933 2.148
;
17.041 18.827
17.180 18.795
;
2.288 4.657
2.362 4.644
;
19.792 17.604
20.059 17.533
;
3.859 17.906
4.077 17.856
;
10.897 0.602
11.150 0.584
;
9.505 0.047
9.649 0.011
;
10.387 15.286
10.786 15.265
;
19.451 13.957
19.459 13.955
;
18.686 0.135
18.911 0.099
;
4.077 8.083
4.398 8.067
;
12.017 10.126
12.154 10.109
;
7.239 15.121
7.491 15.121
;
0.080 9.663
0.344 9.597
;
4.000 14.809
4.063 14.795
;
17.566 15.805
17.590 15.801
;
12.853 4.868
13.155 4.863
;
4.879 17.064
4.939 17.060
;
6.637 3.004
6.977 2.968
;
13.309 7.804
13.677 7.778
;
13.089 17.036
13.133 17.033
;
6.730 5.887
7.055 5.853
;
19.905 5.490
20.184 5.455
;
0.946 10.989
1.096 10.989
;
9.463 8.695
9.628 8.657
;
1.445 3.217
1.532 3.215
;
11.314 2.365
11.340 2.361
;
2.475 19.730
2.580 19.715
;
17.257 11.427
17.582 11.427
;
6.944 5.938
6.959 5.935
;
16.394 11.544
16.636 11.544
;
10.199 14.417
10.445 14.378
;
19.772 13.299
19.954 13.280
;
15.849 5.210
15.909 5.206
;
11.765 7.494
11.945 7.455
;
11.765 10.433
12.035 10.371
;
11.591 7.328
11.651 7.322
;
3.868 1.678
4.215 1.617
;
2.522 7.307
2.623 7.304
;
7.903 5.663
8.227 5.635
;
18.780 11.071
18.976 11.029
;
13.583 4.977
13.936 4.977
;
0.203 11.587
0.518 11.526
;
8.019 19.040
8.066 19.033
;
0.976 17.262
1.118 17.252
;
16.615 1.084
16.788 1.069
;
7.814 2.865
8.184 2.839
;
15.402 0.674
15.469 0.670
;
14.637 2.448
14.689 2.436
;
10.480 2.297
10.637 2.297
;
19.335 8.933
19.384 8.929
;
19.275 15.010
19.319 15.001
;
10.977 14.929
11.196 14.918
;
10.429 15.195
10.479 15.191
;
6.900 3.909
6.977 3.908
;
0.645 6.632
1.042 6.632
;
2.754 5.401
3.030 5.357
;
14.879 16.278
15.042 16.278
;
2.484 12.006
2.538 12.003
;
6.940 0.200
7.243 0.119
;
15.022 1.810
15.245 1.750
;
19.639 8.722
19.916 8.653
;
9.817 17.891
10.149 17.802
;
9.659 0.956
9.830 0.919
;
6.902 5.237
6.980 5.229
;
11.816 7.268
11.860 7.260
;
14.969 4.183
15.068 4.176
;
10.799 0.553
10.808 0.551
;
0.327 7.193
0.429 7.184
;
9.171 12.968
9.433 12.921
;
17.172 2.785
17.444 2.757
;
10.607 0.704
10.834 0.652
;
0.735 10.243
0.993 10.238
;
17.242 12.424
17.457 12.370
;
11.853 8.618
12.119 8.614
;
15.527 3.069
15.749 3.057
;
3.027 16.747
3.424 16.733
;
9.134 8.811
9.247 8.785
;
14.444 11.168
14.685 11.164
;
17.660 5.241
18.027 5.149
;
17.808 13.167
18.071 13.121
;
2.405 19.827
2.515 19.827
;
0.562 13.665
0.848 13.614
;
12.161 2.998
12.338 2.961
;
7.471 7.145
7.743 7.106
;
6.890 9.953
7.121 9.913
;
6.660 16.875
6.666 16.873
;
8.169 9.654
8.376 9.629
;
14.685 2.957
14.880 2.926
;
6.406 4.711
6.670 4.706
;
16.349 8.910
16.724 8.897
;
16.826 4.571
17.093 4.561
;
0.579 1.169
0.688 1.167
;
19.021 11.377
19.283 11.359
;
19.560 13.402
19.927 13.363
;
16.304 18.069
16.369 18.069
;
11.475 3.949
11.507 3.945
;
12.865 3.813
13.043 3.794
;
1.625 18.140
1.816 18.110
;
0.721 3.333
0.957 3.223
;
12.674 8.151
13.013 7.978
;
1.077 9.425
1.231 9.369
;
13.429 10.694
13.662 10.586
;
7.313 3.931
7.561 3.855
;
15.021 15.887
15.401 15.770
;
5.539 0.539
5.809 0.451
;
19.480 7.152
19.676 7.084
;
0.290 17.161
0.473 17.059
;
15.358 0.851
15.544 0.790
;
17.396 2.452
17.690 2.356
;
6.607 14.374
6.662 14.356
;
15.627 14.930
15.907 14.800
;
11.187 11.493
11.544 11.397
;
11.575 6.454
11.714 6.409
;
10.349 8.955
10.523 8.885
;
7.247 7.733
7.550 7.578
;
0.125 16.010
0.287 15.928
;
9.786 16.527
9.891 16.493
;
19.344 18.229
19.407 18.201
;
11.429 16.813
11.594 16.756
;
1.166 19.855
1.279 19.799
;
10.623 6.492
10.655 6.478
;
5.347 14.083
5.533 13.988
;
8.528 1.997
8.540 1.993
;
9.972 6.491
10.281 6.327
;
16.099 12.089
16.337 11.993
;
17.682 11.718
17.815 11.656
;
19.890 2.715
20.059 2.667
;
14.837 14.005
15.191 13.903
;
9.211 17.865
9.509 17.700
;
4.746 16.744
4.973 16.653
;
1.669 4.790
1.932 4.709
;
15.470 4.388
15.559 4.348
;
11.090 9.370
11.169 9.349
;
11.856 17.657
12.166 17.526
;
16.399 13.877
16.726 13.710
;
4.591 7.739
4.646 7.715
;
1.460 8.210
1.579 8.171
;
7.110 18.695
7.371 18.568
;
4.526 6.905
4.688 6.812
;
6.634 19.453
6.772 19.409
;
19.423 5.494
19.464 5.471
;
6.273 5.655
6.606 5.478
;
12.399 16.769
12.726 16.656
;
13.933 14.740
14.317 14.630
;
8.563 5.511
8.666 5.465
;
6.052 11.688
6.173 11.641
;
8.497 3.752
8.661 3.702
;
10.709 6.454
10.774 6.429
;
2.642 17.748
2.742 17.710
;
7.851 11.992
7.891 11.979
;
12.134 18.367
12.269 18.315
;
4.977 6.247
5.168 6.195
;
0.170 17.840
0.328 17.759
;
15.874 2.674
15.915 2.653
;
7.541 17.682
7.833 17.576
;
1.010 1.656
1.255 1.552
;
8.723 2.742
8.896 2.680
;
2.134 17.894
2.417 17.807
;
3.907 11.535
3.912 11.532
;
18.290 2.476
18.629 2.280
;
1.171 7.505
1.508 7.348
;
0.108 0.275
0.168 0.258
;
8.174 17.061
8.263 17.021
;
6.388 10.834
6.410 10.827
;
4.632 9.512
4.875 9.376
;
5.640 2.807
5.685 2.790
;
10.656 6.532
10.818 6.459
;
6.389 11.266
6.500 11.219
;
3.929 2.628
4.077 2.559
;
11.847 10.007
12.175 9.875
;
0.132 7.465
0.208 7.443
;
6.218 3.210
6.486 3.090
;
18.302 7.845
18.653 7.674
;
0.717 10.929
0.884 10.869
;
4.912 13.304
5.085 13.248
;
5.584 11.598
5.713 11.532
;
12.701 19.616
12.973 19.477
;
11.059 11.165
11.200 11.111
;
17.901 8.273
17.920 8.263
;
19.733 8.555
19.961 8.434
;
2.038 2.201
2.231 2.111
;
1.837 15.643
2.196 15.547
;
9.480 8.553
9.579 8.511
;
15.588 17.145
15.683 17.094
;
7.282 1.219
7.328 1.193
;
17.708 7.416
17.751 7.405
;
8.727 7.888
9.036 7.710
;
4.697 19.025
4.969 18.947
;
12.132 6.239
12.425 6.096
;
15.584 18.277
15.807 18.173
;
16.043 9.961
16.405 9.829
;
5.459 18.516
5.676 18.445
;
8.953 12.960
9.318 12.856
;
8.773 17.619
8.884 17.576
;
0.694 10.083
0.761 10.052
;
1.441 15.408
1.667 15.298
;
5.934 6.361
6.133 6.269
;
0.545 18.247
0.703 18.190
;
0.558 10.719
0.702 10.681
;
16.158 2.304
16.411 2.164
;
14.267 13.504
14.599 13.356
;
15.064 18.988
15.320 18.900
;
17.250 7.229
17.279 7.218
;
15.567 12.794
15.755 12.737
;
13.766 18.994
13.930 18.931
;
3.296 6.523
3.401 6.480
;
18.998 11.703
19.134 11.645
;
4.157 6.670
4.520 6.560
;
13.250 11.711
13.351 11.666
;
3.940 11.501
4.082 11.455
;
3.529 7.757
3.867 7.592
;
3.568 5.216
3.933 5.061
;
13.217 10.515
13.470 10.386
;
12.368 2.442
12.537 2.367
;
17.411 16.064
17.492 16.011
;
8.493 3.081
8.674 2.963
;
10.367 4.309
10.568 4.189
;
2.233 18.208
2.557 18.014
;
17.531 8.999
17.735 8.846
;
0.880 2.205
0.958 2.144
;
10.581 7.354
10.751 7.256
;
9.463 13.440
9.558 13.386
;
10.994 12.362
11.110 12.262
;
19.108 17.866
19.401 17.683
;
11.226 7.309
11.323 7.232
;
0.574 17.363
0.899 17.167
;
7.525 1.454
7.854 1.249
;
19.292 4.565
19.351 4.509
;
2.400 14.846
2.444 14.802
;
7.211 8.385
7.314 8.316
;
16.920 4.098
17.049 4.010
;
10.254 0.072
10.421 -0.064
;
5.917 12.863
6.065 12.730
;
8.949 9.549
9.111 9.448
;
18.334 7.793
18.404 7.751
;
17.000 12.546
17.028 12.527
;
13.858 2.306
14.086 2.158
;
6.084 4.441
6.139 4.395
;
4.199 0.230
4.216 0.217
;
16.220 1.679
16.394 1.511
;
8.743 7.688
8.815 7.637
;
11.729 5.091
11.901 4.942
;
17.056 17.695
17.215 17.603
;
10.762 7.653
11.025 7.424
;
11.213 7.076
11.238 7.056
;
9.513 0.970
9.740 0.786
;
1.610 16.167
1.771 16.058
;
2.427 2.746
2.504 2.697
;
13.432 11.843
13.590 11.751
;
6.257 16.734
6.404 16.601
;
0.960 11.069
1.001 11.042
;
14.119 9.900
14.273 9.788
;
19.570 4.896
19.849 4.685
;
4.817 8.767
4.880 8.725
;
19.487 0.429
19.611 0.304
;
18.432 1.348
18.539 1.279
;
4.601 8.874
4.813 8.714
;
0.293 14.465
0.456 14.303
;
6.648 1.147
6.813 1.013
;
18.586 2.969
18.624 2.941
;
11.710 0.347
11.763 0.303
;
4.834 8.132
5.110 7.893
;
15.007 14.066
15.096 13.977
;
19.502 8.611
19.531 8.594
;
1.684 17.062
1.791 16.973
;
12.277 1.462
12.407 1.384
;
6.496 17.818
6.613 17.745
;
16.809 18.399
17.128 18.176
;
15.926 11.754
16.112 11.575
;
7.661 18.413
7.704 18.376
;
15.383 11.078
15.542 10.958
;
1.083 16.698
1.227 16.581
;
13.758 13.116
14.052 12.860
;
17.483 4.201
17.759 3.970
;
16.188 8.419
16.420 8.257
;
1.070 10.727
1.242 10.572
;
14.881 9.311
14.911 9.286
;
1.516 6.631
1.811 6.392
;
15.516 7.970
15.782 7.762
;
5.673 5.013
6.013 4.817
;
11.200 2.120
11.377 1.943
;
3.777 7.395
3.983 7.228
;
13.902 6.660
13.924 6.643
;
0.598 14.647
0.707 14.582
;
5.647 16.678
5.784 16.586
;
16.880 19.243
17.133 19.091
;
7.426 8.982
7.429 8.980
;
14.527 0.046
14.807 -0.180
;
12.780 10.707
12.794 10.695
;
12.288 13.837
12.576 13.577
;
18.064 3.420
18.182 3.324
;
17.502 0.948
17.710 0.828
;
0.180 18.962
0.199 18.949
;
2.601 3.032
2.841 2.831
;
9.430 15.473
9.583 15.336
;
0.552 18.807
0.828 18.575
;
12.461 17.640
12.764 17.420
;
6.534 17.653
6.745 17.402
;
9.980 6.799
10.213 6.478
;
3.732 7.979
3.849 7.804
;
13.526 3.463
13.540 3.445
;
13.248 2.292
13.334 2.154
;
6.408 18.710
6.619 18.397
;
5.016 17.405
5.146 17.244
;
10.194 17.559
10.426 17.292
;
4.709 2.885
4.910 2.645
;
19.311 13.129
19.406 13.006
;
4.197 13.660
4.216 13.631
;
17.071 15.667
17.167 15.548
;
13.839 1.740
13.898 1.668
;
0.538 17.702
0.713 17.527
;
14.303 0.403
14.453 0.196
;
5.436 17.349
5.511 17.238
;
17.592 15.114
17.766 14.921
;
11.735 13.489
11.932 13.263
;
15.804 19.035
16.022 18.736
;
9.606 18.470
9.635 18.439
;
10.902 10.109
11.177 9.834
;
5.012 10.768
5.028 10.747
;
6.411 4.163
6.592 3.873
;
2.890 3.582
3.045 3.360
;
11.457 8.460
11.546 8.337
;
0.756 7.778
0.849 7.654
;
15.350 2.865
15.583 2.567
;
6.631 18.995
6.827 18.725
;
18.093 0.972
18.219 0.785
;
7.543 3.373
7.684 3.217
;
12.331 14.686
12.452 14.531
;
5.816 19.805
5.972 19.573
;
12.360 18.557
12.579 18.297
;
19.189 12.696
19.299 12.587
;
0.646 8.066
0.918 7.794
;
17.659 4.369
17.732 4.291
;
19.368 10.149
19.443 10.033
;
11.409 16.197
11.475 16.096
;
4.196 15.260
4.377 15.036
;
8.059 8.109
8.097 8.057
;
2.829 7.701
2.882 7.611
;
13.251 1.344
13.470 1.054
;
12.616 4.154
12.775 3.970
;
11.221 3.862
11.343 3.693
;
6.357 12.576
6.544 12.337
;
9.406 12.389
9.500 12.273
;
14.067 17.938
14.187 17.731
;
10.860 1.391
10.983 1.195
;
12.410 3.550
12.629 3.269
;
9.726 10.739
9.728 10.736
;
9.849 7.516
9.873 7.485
;
18.610 1.880
18.772 1.687
;
18.619 0.857
18.868 0.600
;
13.769 14.299
13.978 14.001
;
8.087 10.396
8.275 10.117
;
11.017 6.060
11.279 5.779
;
3.252 15.645
3.351 15.547
;
4.344 5.214
4.401 5.126
;
13.828 1.858
13.920 1.756
;
3.655 7.890
3.716 7.826
;
4.864 8.485
5.035 8.231
;
4.271 16.314
4.277 16.305
;
12.839 18.537
12.882 18.475
;
8.525 1.851
8.691 1.667
;
18.406 0.229
18.488 0.120
;
3.908 7.838
3.958 7.780
;
13.085 16.455
13.307 16.171
;
4.891 13.052
4.990 12.881
;
18.703 18.742
18.712 18.726
;
4.365 9.840
4.498 9.627
;
3.242 0.376
3.461 0.063
;
15.177 4.251
15.309 4.115
;
5.246 16.791
5.377 16.581
;
12.832 18.991
13.005 18.799
;
8.221 12.018
8.392 11.754
;
6.501 16.788
6.607 16.675
;
14.250 18.495
14.284 18.446
;
7.416 17.181
7.594 16.976
;
17.468 10.602
17.615 10.407
;
2.030 11.038
2.219 10.746
;
18.295 15.917
18.533 15.662
;
0.467 8.699
0.577 8.577
;
2.868 2.076
2.961 1.951
;
17.973 15.177
18.109 14.983
;
15.789 4.428
15.924 4.227
;
13.775 13.246
13.814 13.182
;
5.140 16.096
5.186 15.976
;
13.341 17.771
13.425 17.600
;
10.626 1.380
10.680 1.272
;
0.238 14.797
0.330 14.476
;
13.347 9.754
13.443 9.457
;
14.392 4.458
14.479 4.154
;
13.526 13.496
13.547 13.428
;
10.658 2.699
10.671 2.664
;
2.315 11.622
2.491 11.290
;
18.065 14.452
18.223 14.114
;
13.794 3.831
13.942 3.541
;
7.955 6.050
7.983 5.999
;
1.075 7.851
1.121 7.681
;
10.813 9.181
10.822 9.152
;
8.535 6.469
8.624 6.177
;
18.142 1.522
18.192 1.428
;
2.161 12.369
2.226 12.202
;
0.611 10.422
0.757 10.135
;
13.408 2.374
13.430 2.331
;
8.949 11.665
9.000 11.550
;
12.042 13.574
12.149 13.346
;
3.518 1.774
3.577 1.653
;
14.451 17.180
14.503 16.986
;
18.160 7.806
18.288 7.544
;
9.737 18.597
9.753 18.564
;
7.729 6.217
7.851 6.005
;
1.974 10.475
2.022 10.385
;
2.772 9.829
2.902 9.605
;
12.442 11.180
12.450 11.154
;
5.407 7.654
5.527 7.372
;
0.452 1.437
0.529 1.167
;
5.974 14.183
5.980 14.168
;
1.133 2.943
1.319 2.593
;
4.438 0.417
4.619 0.076
;
5.430 12.057
5.521 11.894
;
5.930 11.856
5.991 11.746
;
13.348 11.873
13.474 11.506
;
13.139 1.972
13.265 1.701
;
17.075 17.350
17.145 17.207
;
11.230 19.932
11.268 19.867
;
15.613 0.712
15.727 0.338
;
7.933 15.852
8.019 15.683
;
14.819 4.791
14.854 4.693
;
1.682 12.678
1.796 12.345
;
5.649 2.885
5.756 2.656
;
5.182 17.415
5.258 17.272
;
5.262 7.138
5.307 7.054
;
9.620 14.446
9.751 14.198
;
16.974 11.585
17.099 11.261
;
4.597 3.986
4.728 3.741
;
11.905 11.143
12.035 10.887
;
0.921 3.595
1.052 3.358
;
12.252 8.994
12.317 8.848
;
15.652 8.453
15.742 8.296
;
4.488 11.263
4.522 11.144
;
0.122 10.603
0.255 10.320
;
1.495 17.730
1.598 17.473
;
10.224 16.460
10.301 16.175
;
7.108 2.801
7.285 2.467
;
11.571 10.285
11.629 10.068
;
18.178 7.256
18.262 6.980
;
17.589 7.219
17.614 7.135
;
0.129 1.711
0.232 1.457
;
9.750 18.883
9.872 18.621
;
7.795 7.876
7.831 7.787
;
11.117 3.445
11.168 3.356
;
10.584 12.985
10.599 12.959
;
9.766 1.493
9.882 1.110
;
17.461 14.342
17.500 14.206
;
13.811 4.472
13.858 4.327
;
17.751 9.654
17.780 9.595
;
8.554 13.287
8.574 13.240
;
6.846 8.405
6.943 8.109
;
10.573 13.524
10.705 13.266
;
13.132 9.401
13.182 9.213
;
17.324 17.555
17.385 17.435
;
7.738 16.524
7.801 16.340
;
16.558 11.021
16.561 11.015
;
11.467 19.303
11.586 18.992
;
2.612 12.829
2.736 12.487
;
17.886 7.174
17.925 7.038
;
18.814 7.975
18.823 7.836
;
7.390 18.006
7.411 17.829
;
0.916 16.111
0.974 15.861
;
16.622 9.699
16.641 9.327
;
13.680 16.544
13.709 16.264
;
12.800 10.354
12.811 10.050
;
2.211 2.996
2.255 2.835
;
2.900 2.901
2.951 2.680
;
12.917 18.379
12.930 18.009
;
6.088 17.876
6.132 17.513
;
6.602 6.189
6.622 6.048
;
15.027 4.973
15.078 4.653
;
5.588 8.607
5.635 8.342
;
19.326 6.492
19.351 6.348
;
14.580 6.977
14.607 6.676
;
14.706 12.244
14.713 12.216
;
15.123 12.714
15.157 12.524
;
8.197 3.279
8.274 2.992
;
17.910 15.175
17.951 14.997
;
8.275 7.380
8.363 7.025
;
14.661 6.803
14.678 6.725
;
9.625 4.940
9.660 4.720
;
11.822 1.558
11.840 1.416
;
15.336 7.812
15.373 7.603
;
11.590 5.334
11.639 5.081
;
6.704 17.241
6.704 17.236
;
4.139 11.852
4.139 11.627
;
13.695 1.088
13.714 0.965
;
2.071 12.662
2.073 12.530
;
8.785 19.124
8.823 18.762
;
9.132 17.873
9.185 17.570
;
6.671 10.732
6.684 10.358
;
6.981 5.419
6.981 5.115
;
9.792 6.903
9.796 6.849
;
15.583 13.501
15.605 13.186
;
8.438 11.423
8.497 11.119
;
3.814 19.811
3.852 19.575
;
13.709 0.444
13.712 0.426
;
7.863 6.448
7.873 6.394
;
1.820 17.529
1.838 17.320
;
7.032 11.263
7.060 11.104
;
2.998 12.517
3.035 12.311
;
9.664 12.704
9.740 12.422
;
6.413 6.615
6.419 6.278
;
9.038 6.657
9.041 6.532
;
8.357 1.093
8.401 0.734
;
3.423 5.220
3.510 4.896
;
8.212 5.957
8.244 5.726
;
19.533 6.179
19.549 5.874
;
19.896 10.704
19.934 10.464
;
15.512 10.712
15.528 10.653
;
9.095 1.415
9.131 1.228
;
8.760 12.172
8.772 11.839
;
13.929 13.787
13.942 13.712
;
16.674 8.841
16.675 8.792
;
12.093 18.478
12.096 18.454
;
2.733 14.366
2.749 14.218
;
1.178 2.974
1.276 2.608
;
0.680 10.665
0.680 10.498
;
18.172 0.842
18.195 0.753
;
18.887 15.741
18.935 15.472
;
0.238 16.561
0.300 16.211
;
15.565 3.031
15.566 3.003
;
3.381 17.868
3.460 17.496
;
0.887 17.930
0.899 17.578
;
1.981 9.229
2.003 8.918
;
2.166 14.926
2.222 14.530
;
8.868 18.783
8.914 18.545
;
9.048 1.059
9.057 0.889
;
3.595 7.035
3.608 6.886
;
17.816 0.714
17.851 0.387
;
1.699 14.444
1.713 14.312
;
1.575 18.868
1.622 18.690
;
8.001 4.881
8.009 4.812
;
14.266 13.647
14.276 13.600
;
7.394 5.736
7.435 5.406
;
1.975 1.833
1.982 1.694
;
10.573 10.927
10.591 10.664
;
1.128 16.712
1.142 16.651
;
1.237 5.906
1.251 5.787
;
14.319 5.745
14.329 5.450
;
11.774 3.782
11.844 3.419
;
2.342 14.081
2.347 14.032
;
11.864 16.772
11.922 16.441
;
7.057 17.239
7.089 16.982
;
9.057 17.404
9.147 17.070
;
19.901 13.825
19.940 13.548
;
15.280 9.059
15.290 8.947
;
2.926 1.484
2.926 1.299
;
0.125 9.887
0.136 9.762
;
7.767 18.178
7.785 17.823
;
0.067 11.849
0.071 11.801
;
3.390 4.927
3.418 4.803
;
8.878 14.100
8.888 13.985
;
8.126 14.403
8.149 14.257
;
12.967 12.145
13.055 11.815
;
18.693 15.962
18.693 15.728
;
1.130 9.714
1.130 9.578
;
6.329 12.423
6.337 12.200
;
3.134 18.406
3.154 18.028
;
17.430 1.184
17.458 1.025
;
6.435 19.467
6.443 19.435
;
15.076 1.666
15.086 1.623
;
13.375 15.580
13.454 15.211
;
17.456 13.393
17.503 13.189
;
2.381 10.893
2.413 10.666
;
19.142 10.694
19.181 10.524
;
0.861 19.655
0.887 19.505
;
8.354 10.609
8.356 10.495
;
11.734 5.940
11.746 5.712
;
14.523 17.531
14.534 17.206
;
1.310 8.100
1.324 7.907
;
19.980 19.431
19.988 19.380
;
2.193 4.768
2.247 4.488
;
4.641 19.005
4.675 18.679
;
19.092 4.541
19.104 4.373
;
0.970 2.008
0.973 1.852
;
3.025 5.819
3.049 5.669
;
9.871 18.226
9.888 18.146
;
9.604 0.939
9.641 0.639
;
